229.44541057680806 115.19683036446516
229.25914169077953 115.0209050948463
228.76371409503838 114.85221327451352
229.6890468249845 115.17204059535631
228.66870743731562 114.68647055953372
228.3644233379399 115.06076076028725
229.00042293112125 115.93125835504524
228.7449192493732 114.15371300214879
228.48905504732238 114.28790503224357
228.66553593206538 114.98045616807049
228.4928817125975 114.29804765018791
229.0720726431798 115.01357565320205
228.56026409792457 114.49223605926608
229.45325315886151 114.97927890517113
229.26458723475656 115.47702730477478
228.85798420686453 115.3610713010194
229.09772619216102 115.29371018942078
229.10668357367416 115.53842430856577
228.67189103073594 115.30192570300522
228.67691467338668 114.84858156802515
229.4226545612175 115.54897693678248
229.18206464517723 115.87181012769238
228.48102206442294 116.55685828384227
229.09317512503245 115.29430507117462
227.92736369731725 116.8187427774029
228.95037956238605 116.51103554844393
228.50239670920308 115.39331396246287
228.88409594979916 115.9231205036112
229.34919990789328 115.65050140433908
228.94627267820934 115.94156253387759
228.1794726334511 116.07910479877167
229.88428830884533 116.29484862689327
228.12096018977812 115.82055960229548
229.1927002973075 117.05109835427493
228.29464614888946 117.2106698344876
229.27138299943167 117.2896606556278
229.18470027881395 117.86030534498316
228.41727584262796 117.97564747868682
229.75461775384412 117.28130593898449
229.63573785958948 117.57132697000995
228.56314128424748 117.45431874997199
228.94020297829195 118.0522112457432
229.24636724803793 118.2151103190234
228.2728966529979 119.31655738952833
229.32351763300238 119.98241882137462
227.7472928723455 118.37669279245854
229.00698233799497 118.96771035096843
227.93548634673328 118.77903432034901
228.71447662911143 118.26217836724871
229.02363200625643 119.6704434514506
228.38247834331958 119.85045816309093
228.29519911487944 120.2657385124013
228.89287630699653 120.60394038797922
228.48700268073566 120.51851811372964
228.3114178857483 120.44736108882492
229.16180214283136 120.21424437177686
229.1095431280413 121.8588093209655
227.9674238564508 122.04701568851306
228.69633365393958 122.04610526937034
228.29759311152068 121.52704114948759
228.52796778002067 122.4824212350428
227.64453492962423 121.94687781979475
228.38593719217783 122.52726625073748
228.67951485122455 123.16696207032598
227.6828936303212 123.83042617092067
227.51446796761053 123.48044148453032
229.36779489245387 123.93101541368458
229.19146549734276 124.24903401811403
228.59810095147503 125.24922944737963
228.47692095899774 125.72473555838243
227.9047964602097 125.8728929941609
228.49785225115056 125.87021821763315
228.33332206918035 126.32552054857791
228.48546803844636 126.8222726970951
229.91885280900826 127.57641367764366
228.57561443819236 127.88423909373408
228.93913553562882 127.78346454239886
228.2812683496586 127.44842218858946
228.29836727656905 128.28393464729828
228.20220425082397 128.76637025265353
228.53217328412654 128.83799123844437
228.12503924233042 130.2552985584482
228.25106886244578 129.48541296009284
228.97663099146158 129.25835769157302
228.35285942530638 130.91904536909334
228.80162094687293 131.27901119869065
228.22609873806888 131.4971972860708
229.17307826966544 133.0923320102161
228.22839073887508 131.95387760024843
228.132465380269 132.63382906931687
227.95434141242683 132.32925105113387
228.51588066630495 133.14746253104977
227.57799969889436 134.76940750505503
228.85191433968092 133.6585816665779
228.77953789624306 134.59536866134374
228.71901526876036 134.80480125138268
227.5495547461345 135.5439372797527
227.93645872818993 135.3749024691568
229.06528084216365 135.34715577395247
228.96065012377454 136.0696489878528
227.7964642579696 136.05821736222586
227.56216751174617 137.00245886817706
228.83386459111836 137.34992721374473
228.57936512080633 138.25051756127056
228.11098019623475 137.76831204521852
228.13500633543953 138.33798389241704
229.1948211335404 138.66307583452596
227.68047434971214 139.155399414247
227.807937955653 138.77537478556982
228.38641161841718 140.41385980725735
228.12630872117234 139.11056595682092
228.63238948988945 140.89111284813515
227.59816728401097 139.70540803522138
228.03469676773665 140.64100684614792
227.778501796541 141.554975231212
227.69772278253777 141.4578237006473
227.7577258775554 142.59524385298937
227.82833363465969 142.58236859487218
227.82471281070127 142.7089932529599
227.55169669967287 143.34987923337988
227.56420302689259 143.92479746860784
227.87012185035817 144.36521634226202
227.69242347489146 145.2324979135002
227.49708490374064 144.74934563380125
226.91253899276708 145.16752062020547
227.505107765166 145.46683354388452
227.56762691294864 145.61176502166936
227.50715173066652 146.01761834503728
227.12574009554652 146.19177161584227
227.33374387926904 146.94326238751182
226.90941275677926 146.98537689679895
227.03687061252947 147.2637788767675
226.63357771914826 147.35016696828288
227.31234385175333 148.42592581163743
227.6996397113715 148.69234232460516
226.73574969458846 148.9816057328354
227.6897170693252 148.2205516653553
226.7488029843272 149.60322201108545
226.0035489623499 149.70392112483333
227.2756126383969 150.5729469367453
226.02166943802246 150.60319475488384
226.40422844574007 151.24075097320645
225.73100126235875 151.81208601496877
226.37317122045116 152.09991843311343
225.7145995104687 152.6215461123865
225.80630471539328 153.05836736656187
225.70469744861091 153.17385591269132
225.50082902917495 152.6806420739996
225.21639089234216 153.62987532850158
226.3236700570966 153.90724016114703
225.65228738683524 154.5553009020274
225.03262018038436 154.23479329916628
225.08614041077317 154.82953450782745
224.71648123421812 155.4721231491748
224.4301092341977 155.50164089172455
224.52384883037655 155.47380103101537
223.7774197916002 156.26251594114416
224.591036105513 156.22757923302134
224.23630633397954 156.98697870803124
223.59347047912956 157.42947104151565
223.58943668907347 157.16012765555223
224.11316627107132 158.10841296794501
222.9374690578666 159.08873038725915
223.1181786698525 158.1843284607063
223.73439598956338 159.65693943627122
223.24444410765702 158.9567586537632
223.44603891094854 159.05468701241108
222.79485918984963 159.99439790823666
222.2260494032455 160.32611167233551
222.4771802214038 160.7208225960622
223.5790066388949 161.4772994379222
222.35559412848147 161.6640500012404
221.84084642381998 161.95857133541458
222.16953794530343 161.77963886070975
220.85408650886706 162.07291791370864
220.52786736919967 161.82736219354416
220.92581405756854 162.2953972604429
220.10943728647055 163.85831729597746
220.6728149839776 163.4343007783908
220.05800661541994 164.1425722520882
221.1892775200932 164.6711520484345
219.44136698840737 164.49300637202134
219.51609868317325 164.27025517336807
220.10318432564281 165.2338855567297
219.74788971386522 165.89361237874093
218.78736281113584 167.11545444949277
218.41760690774194 166.50015539193643
218.4842074815399 165.59479144691028
219.22781342261382 165.80240271339903
217.99026667069307 166.3418530807344
218.47685066905984 166.7267128219204
217.72993449503986 166.9182010297281
218.15620174399254 168.36936106513247
217.83593669063194 167.4286931427752
216.94661782699188 168.77409594939456
216.41128343813318 168.55559701941954
217.02898968332318 168.4316929752139
216.9873922172883 168.46402204910322
215.71554167181606 169.2720946019003
215.28817454367916 169.3178716830267
216.45658539790583 169.49558836506753
215.13647059924716 169.7758388978586
215.05131239397758 170.78503369359905
214.74454289965368 170.78412892227655
215.13854350720118 170.78291030161031
214.63091956580058 171.07904154868427
213.86265343455312 171.27022477738998
213.4981175912519 171.24820404731975
213.90448874564953 172.29772022961453
213.9010583122361 171.76594409750263
212.88914612190743 171.75900245036618
212.02439285482646 172.47563738889036
213.06238343624773 173.21033058155916
213.13932097152116 173.83962548926027
211.6131851602745 173.70009012932718
211.8460356342179 173.2300927838156
210.9559624695511 173.2215328623412
210.54817056933732 174.22681911234724
210.69876727960215 173.77175233118308
211.15587455464942 174.2736206681595
210.9764531625949 174.70703877611675
210.02259421069905 175.63346388435855
210.1263203756858 175.0978094828496
209.89646552834517 175.95055092036267
208.7389315395788 175.6914497050278
208.8077144853332 175.66033968194273
209.62839350224016 176.35729873056349
208.39699851015723 176.7384659064836
208.78666568756492 176.38608760724014
208.35569324182984 176.2272987443683
207.44821246203304 176.8655619457571
206.78487734890405 177.41615576725948
206.41129958463978 177.7615022557475
207.04012998793272 178.8763539410646
205.6841221948064 177.91180125543042
205.29560672779346 177.6183726828001
205.01167522157692 178.53251581359547
205.53048723773625 178.45542893225655
205.09651670933528 178.5798950526589
204.40706020920095 179.31805034135954
204.45310970735932 178.97125769647513
204.0877498632114 179.0357343289995
204.08699650601636 179.07138516051202
203.55239067066893 179.0185697633709
203.07865571379637 180.04401088519566
202.64234796397292 180.72608405790686
202.2224184732501 180.09730741794888
202.23545097776184 180.54284495251227
200.3692555436184 179.80695372382095
201.64243556507617 180.7615366684832
201.62356389739338 180.85362827777223
200.98885754006156 180.9548750377018
200.85631127758973 182.62611911568018
200.28764334821813 180.30944232553153
200.32551958846312 181.6339037073161
200.198945111886 181.5728889847222
199.32033428816516 182.00734664491392
199.42871853393845 182.26717736718768
198.89939503213682 182.31622246426016
199.14016581017626 182.61698475458894
197.9691117305522 181.76501412735146
198.09870954713713 182.83114225809595
197.86935285160934 182.32419333496108
196.90019073578915 182.0576061575526
197.44229705474362 183.80741716323902
196.18867858430298 183.06407588575053
195.44274680519277 183.13082873391403
194.93890678012352 183.75751306514988
196.49764393723117 184.47626329664106
195.16826805969282 184.1757022860298
195.19573971782995 185.74280241128042
194.98046309438178 184.4206027114106
194.53284136962134 184.23222935426918
194.5332810856595 185.8026202776702
193.76745568918608 184.12552898101453
193.6183875193745 184.99973287423109
192.43666062058418 185.9307578083197
192.35117272832025 184.4247139958339
191.68505216639278 185.87681303796165
191.37848369222073 186.0498620533662
191.45952278409118 185.44441550139004
191.1634321904852 185.76529224595703
190.19891126292697 186.30784383890165
190.71474022253764 185.41059919858122
190.32975518490602 186.24762019598677
189.72829285536758 186.09993022023087
189.3329609403698 187.15655347541022
188.5666625798748 186.73040052086816
188.55714572789861 186.1176654611811
187.54871781448878 186.40870093552078
188.23607450139366 187.75494658388487
188.30477742386626 187.3516597888365
187.44461760867944 187.48486382837234
187.7171275151444 187.6045041468211
187.31700037435292 187.12618360285288
185.8166889820713 187.24100952695576
185.5427340258316 187.35610905158836
184.4852170275767 188.6100325246457
184.61115443832082 188.12625248237984
184.94154208467594 188.32906841232725
184.7809195240555 187.12767131407657
184.62917378141515 188.16710743767078
183.62198033899216 188.56640352927352
183.77694082645039 188.07040812740135
183.46726160185582 189.6758947384909
184.17844631581124 187.98366358115499
183.16256128662548 189.00127738598604
181.6099445548235 189.7394450589035
182.14639358621613 189.04703998225054
180.69400004240495 188.76591103073062
181.45014023288894 189.45345004217802
180.59627540539861 189.13236030832928
180.12814517960675 188.78584282948637
179.76469836561884 188.74936605323583
180.63560555735592 190.04699756859165
179.67017772244347 188.76754219288983
179.4679746107437 190.71784664554855
178.5721949828555 190.31010390262222
177.63079485042405 190.00075391345942
177.88123731066642 189.0576721352094
176.45742371188095 190.03938093877628
176.75437225198323 190.62827501182383
176.1830903483464 190.31132903778231
177.38776430580847 190.27502343765258
176.3736675604941 190.06392016143397
176.0146751825303 192.24218543355838
174.8142018995745 191.1148015795029
175.5940031678315 190.63251389577275
175.54958743437498 190.55891044858575
174.0430098269682 190.38376263004085
173.35701439052275 191.36400733315165
173.42937404403108 190.92362553166345
174.25197743671993 190.28527865089563
173.74428212621106 191.63818049287954
172.87575300340978 192.2176337014745
172.2486017807158 191.4569041496927
171.40171601592536 192.33227870009458
170.8907423974545 191.48206648974934
171.0325893119715 191.3721909906217
170.2900803195482 192.12957471513093
169.90269075397822 191.82906956593555
170.24821089784697 191.32376525073624
169.7212306420265 191.67403937273883
169.49875203071446 191.52232878591798
168.9414054252749 192.6749826074315
167.47401675998609 192.9917647301398
168.12817764856416 191.60950724286778
167.94174808568064 192.02636391459228
167.4681678116144 192.48529365318984
166.55460327106402 192.2880187885775
166.5138058314787 192.285220264088
165.43712017853062 192.43460310561798
166.9055923808582 191.43213232730633
165.8350838445855 191.57443945048948
166.86389878769685 192.26140658070875
165.22746265826544 191.78954901380516
164.58831309526173 192.15053192574447
163.84456108243998 192.8580267937523
164.63338294942608 192.13569756772
163.65762289255989 193.4537411512833
164.02464792497577 193.4262337801454
163.07783378899813 193.0555286378136
162.67472010091223 193.11711796131954
162.31632113391947 192.82132821220551
161.09440893274396 193.18077723377013
161.4685150171115 192.50624174806092
160.78305039827717 192.34522802409606
160.485065678788 193.27353516093848
160.34140791787908 193.22946247584147
159.57177279288578 193.48193970289685
159.4113055625577 193.1316199463435
160.34815141753265 192.81666420906586
159.23861116960524 192.7020896859302
158.2672668149088 192.97699509981896
158.1274176519327 192.60327748845043
157.68868334318267 193.45178273789656
156.81646373185762 193.24632246571198
156.4235005790242 192.77507458712734
155.71204830393475 193.4169985223067
156.79949636783044 193.47718724335687
155.7865144234866 193.28574731994897
155.02590567521645 192.94004082140148
154.05175354969396 193.9335399495002
154.3043205692917 193.39197404526575
155.00044556406476 193.40821173559382
153.6341386519042 193.23261633235154
153.70831104283272 193.52764715066215
153.8406793815098 192.90689512999646
152.36621728250967 193.1255170347929
152.66418356780596 193.20759457242303
152.75367357360165 192.7687385901185
151.61363924441997 193.34025447593473
150.81780335508418 192.77702301657592
150.948099247719 193.32881890792672
151.1669627458809 193.47768978791692
150.52387627472714 194.34765635197266
150.38212359563443 193.15471916315872
149.3297869199321 192.75703776368331
149.597182175962 192.95862252992984
148.52623161661847 192.87268289343186
148.62460070206072 193.7620886663956
148.5848030883694 192.8745951198486
147.01900112982756 193.17054825914693
147.8280982319513 192.44630435221433
147.34238570423753 193.10555141347936
147.39833706460507 193.3342842851345
145.75093570823395 193.39304331533745
146.62394538566937 193.11849555465218
145.24930952729835 193.8445300367527
145.52435821763487 193.1647216103797
146.025056767408 193.43313169657998
144.3159844405165 193.6184613823663
143.87544996441105 192.74806811392594
143.69516883634196 193.8831259848771
143.3244875562688 193.1286857180191
142.37599541653455 192.43997331279203
142.1618030419946 192.70876267085015
142.88008781927877 193.39376810118182
141.3511265500844 193.2982790431364
142.63277336955625 193.91798197642618
141.5483307299294 193.44082283915498
141.86624121322018 193.31284025190993
140.85568607382626 192.8370413075129
140.06096326203766 192.64549169826628
140.66306323364003 193.13935827874423
139.57138692217265 194.02947779623807
139.52621037187498 193.30486761804468
138.51877593563617 193.57992628770958
137.97788471938824 193.07414312493825
137.35910925134291 193.12463645272157
137.3896864096734 193.11183636544175
137.49137959333612 192.93536134983086
136.3834780217902 193.37534703376363
136.29345082791812 192.6397536772579
135.37018268288534 192.620343516376
136.0843572236496 192.44192796469756
135.2536247486313 192.17316293259915
135.76974680840502 193.27996410688974
134.27034168936362 193.3414027702338
134.49095989241482 192.98278875336632
133.59765713045886 193.63424539518203
133.9183285644067 193.81114246527957
132.7066828839889 192.6425698335419
132.70994406252663 193.1180801756068
133.10526335240334 192.45669120187398
131.9387715463008 193.38106842242362
131.22898232293198 192.30962642352398
132.09456737121303 193.03651873626495
131.91751408724207 193.2401878476862
130.61169681611324 194.09984308720502
130.9172111157212 192.39304874261433
130.26229938471386 193.3385239620526
129.0833656289187 193.58725198819042
129.79656132811493 192.8161162781301
128.38389021837583 193.76565370706885
128.76095032918678 192.58635938073317
127.59948038212067 192.51764032849002
128.0688208285138 192.02614871363642
127.2624447263812 193.0850607186164
126.71197608946592 193.18544071976353
126.17516590059199 192.38394250017933
125.68985442383611 192.79716554554278
125.67202482213813 192.9370404156872
125.47119173226366 192.48914008514478
125.0182603413399 192.99045581763778
124.72097192005246 193.39029823508068
125.17799380849966 192.88306421900066
124.21356354649328 193.3753786271449
125.06479422967953 194.05711119077318
123.16527897968194 194.05513094956672
122.77029310200967 193.0901656972576
122.55110936590992 193.37304939435248
121.99770680790112 194.07742757618672
122.55844287787089 193.37482247541232
121.96052226520914 192.83275082234906
120.8333290759133 193.53315648609765
120.92460519404405 193.85926163719847
120.58946357551106 192.66291388391778
120.39995992105358 193.01040222616948
119.66032027587971 192.5452718339164
120.41418114994897 194.0423979171839
119.58628188900809 193.1919434722385
119.90380235082361 194.15629995864077
118.815538095302 193.30163923972117
118.9203295068638 194.1390166508039
117.24197885602807 193.10263889036173
116.33747845582579 193.40570629645907
117.32799471711013 192.87735077191235
116.17758994226446 193.59022851377452
115.9971198748519 193.8973757187615
115.62810414604972 193.33434980905014
115.22944027736426 193.50962911827244
115.16910802766913 193.2387914652167
114.80502124730963 192.98140720871396
114.1726695558299 192.7958800142105
113.59179094389552 192.93207268088696
113.66277749021582 193.48711004689096
113.7089529848499 192.75500915327314
112.42851581723234 192.66001538093042
111.86155801075901 192.6350606528621
111.40811904535218 193.34213266179043
111.46681567222015 193.34187310626794
110.64350716065067 192.9949358321246
111.41363061614796 193.38040402996614
109.92293634109983 193.18043848858574
110.58509933337614 192.77341377454698
109.48559658145861 194.27793259758442
109.31478833624654 192.94052760052494
109.82408181815498 192.94191524992215
108.83977808981719 193.16276949238568
108.56180701426028 191.87044955281132
108.7123486434711 193.44511358870244
107.4135047277536 193.27549959319802
108.03701730910595 193.46017663576788
106.0835044344296 193.0444424254294
106.61155659362149 192.59616440527213
106.1555906092599 192.7340915312868
107.04874173019836 193.80602111335708
105.26660149976354 193.38117419851713
105.30397708730388 192.88095845644705
104.2986175346421 193.46687386124376
104.69283365942816 192.61626375757294
103.52782362710569 193.059912468928
103.91564556236327 192.7593045281219
103.13658537330015 193.04242251258395
102.80253210638651 193.48248956901168
102.60679401227445 192.9956596252143
102.06759428455453 193.63157239138832
102.37262833889127 193.2445160851158
101.41198765868022 193.71479536639632
101.73204344858067 194.8410032783883
100.55472869071347 193.16965632341348
100.32917632492344 193.49131584004732
99.58513287820287 194.0193780076144
99.52761266244505 194.14667027811947
99.01612818797375 193.36793495639725
99.48801615337955 192.88348998324932
98.78338245850347 192.6193929601866
98.54201886741023 193.13227622835907
97.81566048431863 192.61627769035897
98.08012782860943 192.86146369611808
96.35192448892703 193.68681345774064
96.47089042913686 193.55004285970338
95.84037649472762 194.36784451765936
96.70519408520569 193.21864460065876
95.86624874655674 193.16904449400283
95.98806711852423 193.16845805195024
95.17929695087045 192.8424611038924
94.860055870931 193.56518681021612
93.31945203273129 193.49277608037852
93.56015360966056 193.60757091826315
93.08667109025761 192.74546821282394
92.97908309930881 194.10271284356165
91.88186409402273 193.0139010641139
92.99073890548098 193.31865198227777
91.62551161470807 192.67811852292277
91.34574387140897 193.49460375490378
91.1812338950195 192.98446856695406
90.38884620187025 193.3462881687502
89.11039171576736 193.16988998614102
88.81250125122979 193.99312894106794
89.73693038484944 193.4746306613046
88.86969922931317 192.86705585020178
88.54557241141846 193.53304636604844
88.47062217404955 193.0983606984949
86.8351402970106 193.44791405910337
87.12759847374893 193.16783219878923
86.43038042863539 193.25778666764205
85.53627838570331 193.88041833929407
84.70362966688707 193.29387286611538
83.85330625478926 193.80374275041785
84.70823343434603 194.24913355291574
83.1940458969178 193.38203031804963
83.58858477651577 192.4981416662255
83.25712461627292 192.92966548724644
81.56745796705921 193.7911323184129
81.11172028855104 192.45506608737716
79.98573368202463 193.51425668543567
79.95430753243043 193.0845354261765
80.13344920152375 193.82039467175295
78.62663247813786 193.15076938734643
78.91481200867449 193.26858682348683
77.95874582947141 193.4815917144311
78.82093536256274 192.88564834231437
77.42087992936692 194.0406657953614
76.36642966459891 194.05716864091488
76.12364154380981 193.17948962450643
76.30914177100294 192.85360809335577
75.17429767541735 193.41856365805242
74.34600559175317 193.1092097540825
72.81820824066816 193.2132521024176
73.49801621499044 193.20804500574175
72.7773716354169 194.042598660351
71.27260818829114 193.44457380352918
71.8061642788374 192.87841425546466
70.48951286870492 192.92705174972906
69.08587604609575 193.4327729131136
69.11067741699645 193.22254095295642
69.41717475008394 193.12489760759166
68.00917120725865 194.33605584262307
67.74636955828392 194.07979602827425
66.43100388247576 193.3419233598972
66.2946568105669 192.5929672351462
65.01179257407406 193.42441137989107
64.84856802223678 193.06586828098915
62.96713325304557 193.318269380579
62.97630473405638 192.9796007053714
62.04903330283117 193.435253732659
61.681723015178605 194.0199545427707
61.49615313555409 193.32180948267387
60.658345497790144 193.28430249996768
59.94301503830915 193.97456393677587
58.58913275193873 192.9062891744969
58.70616476959769 192.65822041389558
57.637523533893464 192.9510270076404
57.74398148406337 193.73352529973945
56.734428916140345 192.89274534370793
56.01009053984187 193.34172582960247
54.92333500804449 193.37835630057702
54.87612947799384 193.1663422542842
53.443348356204794 193.39418148808494
53.21193741289429 192.48042193763249
52.299967365105 192.96239569420666
51.512571670949356 193.01228701184516
50.62330019332137 192.8959052407082
49.71606794343542 193.4130598747497
48.626547336076904 193.2472175681941
48.476740151649246 193.266242471691
48.348563655728746 192.53758909887344
47.3645672080042 194.3587923713837
47.08580433373086 192.8522097398943
46.36782259614803 193.54620358710528
45.339357727046306 193.43141933840607
44.70630814600807 194.03159867379372
43.10467694066427 192.5880956707685
42.79623605185149 193.7789628509602
42.395861847970515 193.86619926483752
41.83227904209204 193.03237554785946
41.07010649997232 194.02123429524852
40.315896719062685 193.93928204124427
39.41281403393841 193.11971392221005
39.61568141728822 194.3874377902722
38.666120625007494 192.95000176464978
37.72043012074752 192.88540638022604
37.05121755078446 193.2103051238343
37.722583211159964 193.53988668912942
35.96779669830278 193.29025220515808
36.5885882751964 193.3576884399059
36.42703102197029 193.54141398515173
35.79465070380377 193.10071549453346
35.3720178847352 193.13080462094075
34.86750890176056 194.0596285718541
34.12086848024268 193.66924130555154
33.41637002843666 194.12694782497923
33.77749063233153 193.27523438603654
34.083298542384796 192.57767960461098
33.093048941050256 193.6747710785919
32.51424462334007 193.2119583196324
31.33046613520921 192.80027324266126
31.148167920002226 193.8305081512376
32.1593826772142 193.91319572748833
32.243973718742524 193.21703094560968
30.11988496617505 193.71482146719387
31.278537542879985 193.04832816218686
29.777581928440398 193.59374232222729
29.4566034882835 193.74144165844206
29.689370963012642 192.4344406997912
29.23810831285777 193.5323864647038
28.781993498293964 193.8842942501654
28.407447575238375 193.40153744838236
28.354009546190408 193.8927939529308
27.04785056118274 193.21834583015706
26.41362171586031 193.59125912837723
26.465723480572827 193.48617379430425
26.584202045365302 193.16792246108037
26.109755761429675 193.22652920237707
26.340355684920947 193.80826101427118
25.81885443583271 193.6448742344142
24.573752749340183 193.31672174167488
24.92395917217494 193.3444550120984
23.997903337332694 193.44183839833607
24.552021580990434 193.87061403548884
24.040443699435492 193.40573304900863
23.297223718971292 193.73523849542232
22.931508873479267 193.01970903216494
22.16003977137997 193.88879171631686
21.993695413929306 192.7723626200346
21.10192457224857 193.12350579033173
20.871989419065454 194.00007783126583
21.638480913713924 193.42019893290666
20.61021262770277 192.82474727109536
20.27836678032741 194.10432252392434
19.868896706309286 193.01044357577416
19.017137183159992 193.16758767484998
19.538776948375723 192.680703207338
19.5480464644306 193.6928153100563
18.611109828372808 193.68701672968865
18.737530916314448 193.53789321252157
16.962235674439093 193.87775791363106
17.74339576918584 193.01239759524142
17.176117995851456 193.24793158512665
16.474712508880078 193.09967610897104
15.804895628789938 193.75051520161043
15.418200851217481 193.8042649466833
15.249085317504996 193.83186747506142
15.153244746003649 193.15051551960605
14.941472397365398 193.32299941361993
15.097446077518507 193.74010429178438
13.452567255749138 193.36948621542135
12.59963363295363 193.76253523844093
13.454316276148651 194.07552239400547
13.740999185066038 193.91787412051178
13.127893936238147 194.12567452768377
11.082696296575756 193.7576137092331
12.056180573643681 193.54000691669674
12.40688669999708 192.61619976921997
11.599362748639944 194.06138979281175
10.804231726971231 193.7797257028754
10.468534719650314 193.52068156813868
9.508277113845544 193.19814194200032
8.969451216110183 193.26727310590962
8.680354350778165 193.36964613001567
8.931778063354216 193.90262674256115
9.110116898745217 194.0304736260183
8.354980848256238 193.7917219441612
8.475025338654696 193.2752834745591
7.701239332247118 192.7650001508226
7.370947541844794 193.11211144667394
6.5310775861982435 193.32168235191733
6.654751469809581 193.5914528470832
5.770146707637013 194.42860553342774
5.6576262664628 193.1936935162538
4.686855289023853 193.62344612124173
4.312094288340015 193.72947094866504
5.203661985595003 193.5970969617374
4.903792438739948 194.78174540051066
