228.790482 116.253075 0.631133
228.786377 116.421745 0.634588
228.782135 116.596466 0.638167
228.777740 116.776863 0.641862
228.773239 116.962471 0.645664
228.768600 117.152939 0.649566
228.763855 117.348137 0.653564
228.759003 117.547821 0.657654
228.754044 117.751717 0.661831
228.748978 117.959541 0.666088
228.743835 118.171089 0.670421
228.738602 118.386101 0.674826
228.733307 118.604401 0.679297
228.727921 118.825661 0.683829
228.722473 119.049721 0.688419
228.716949 119.276527 0.693065
228.711380 119.505928 0.697764
228.705734 119.737740 0.702512
228.700043 119.971825 0.707307
228.694290 120.208061 0.712146
228.688507 120.446312 0.717027
228.682663 120.686401 0.721945
228.676788 120.928230 0.726898
228.670853 121.171761 0.731887
228.664902 121.416954 0.736909
228.658890 121.663750 0.741964
228.652847 121.912132 0.747052
228.646774 122.162025 0.752171
228.640656 122.413475 0.757322
228.634506 122.666328 0.762501
228.628326 122.920616 0.767710
228.622101 123.176323 0.772948
228.615860 123.433449 0.778215
228.609573 123.691933 0.783510
228.603241 123.951775 0.788832
228.596893 124.212914 0.794181
228.590515 124.475357 0.799557
228.584106 124.739052 0.804958
228.577652 125.003960 0.810385
228.571182 125.270134 0.815837
228.564682 125.537483 0.821314
228.558151 125.806015 0.826814
228.551590 126.075691 0.832338
228.544998 126.346519 0.837886
228.538391 126.618431 0.843455
228.531754 126.891449 0.849048
228.525085 127.165520 0.854662
228.518402 127.440575 0.860296
228.511673 127.716721 0.865953
228.504944 127.993828 0.871629
228.498184 128.271942 0.877326
228.491394 128.550995 0.883042
228.484573 128.830963 0.888777
228.477753 129.111877 0.894531
228.470901 129.393677 0.900303
228.464020 129.676392 0.906094
228.457123 129.959961 0.911903
228.450211 130.244400 0.917729
228.443268 130.529663 0.923572
228.436310 130.815781 0.929433
228.429337 131.102692 0.935310
228.422333 131.390411 0.941204
228.415314 131.678879 0.947113
228.408279 131.968155 0.953038
228.401230 132.258148 0.958979
228.394165 132.548889 0.964934
228.387070 132.840378 0.970905
228.379959 133.132568 0.976890
228.372833 133.425446 0.982889
228.365692 133.719009 0.988903
228.358536 134.013260 0.994930
228.351364 134.308167 1.000971
228.344177 134.603668 1.007024
228.336975 134.899780 1.013089
228.329758 135.196533 1.019168
228.322525 135.493896 1.025259
228.315292 135.791855 1.031363
228.308029 136.090424 1.037479
228.300766 136.388885 1.043592
228.293488 136.687881 1.049717
228.286209 136.987579 1.055856
228.278900 137.287827 1.062006
228.271591 137.588638 1.068168
228.264282 137.888824 1.074317
228.256973 138.189301 1.080472
228.249649 138.490570 1.086643
228.242310 138.792496 1.092827
228.235428 139.050964 1.099019
228.227234 139.306839 1.105218
228.217712 139.561813 1.111397
228.206818 139.817062 1.117583
228.182159 140.305588 1.129428
228.167267 140.561523 1.135636
228.150925 140.818115 1.141862
228.133286 141.073807 1.148069
228.114258 141.329514 1.154277
228.093811 141.585922 1.160506
228.047928 142.107468 1.173185
228.023254 142.364120 1.179428
227.997162 142.620895 1.185678
227.969757 142.876846 1.191912
227.940948 143.132751 1.198148
227.910736 143.389053 1.204397
227.844879 143.910660 1.217129
227.810364 144.167160 1.223395
227.774551 144.422974 1.229651
227.737289 144.678940 1.235914
227.698608 144.934906 1.242183
227.615692 145.454941 1.254935
227.572769 145.710632 1.261213
227.528305 145.966949 1.267513
227.482605 146.222168 1.273791
227.435562 146.476990 1.280066
227.386993 146.732315 1.286360
227.284073 147.250076 1.299143
227.231216 147.505081 1.305449
227.177139 147.759018 1.311736
227.121597 148.013016 1.318032
227.064560 148.267258 1.324342
226.944565 148.782211 1.337146
226.883240 149.035889 1.343465
226.820496 149.289398 1.349789
226.756500 149.542099 1.356102
226.691193 149.794250 1.362409
226.554199 150.305588 1.375228
226.484482 150.557571 1.381559
226.413315 150.809402 1.387896
226.340897 151.060364 1.394221
226.267212 151.310654 1.400539
226.192001 151.561081 1.406871
226.035324 152.067535 1.419708
225.955765 152.317352 1.426058
225.874664 152.567337 1.432422
225.792557 152.815689 1.438756
225.709122 153.063553 1.445089
225.535782 153.564835 1.457932
225.447891 153.812271 1.464291
225.358673 154.059235 1.470650
225.268311 154.305145 1.476993
225.176422 154.551025 1.483350
225.083130 154.796555 1.489710
224.890350 155.291534 1.502574
224.792923 155.535660 1.508938
224.694321 155.778931 1.515295
224.594360 156.021652 1.521651
224.492889 156.264267 1.528020
224.283463 156.753571 1.540908
224.177795 156.994904 1.547287
224.070801 157.235641 1.553667
223.962860 157.475006 1.560025
223.853394 157.714188 1.566395
223.742294 157.953491 1.572784
223.514160 158.434357 1.585672
223.399063 158.671875 1.592063
223.283081 158.907898 1.598431
223.165756 159.143372 1.604802
223.046921 159.378601 1.611184
222.802795 159.852112 1.624084
222.679596 160.086227 1.630491
222.555222 160.319458 1.636891
222.430054 160.551132 1.643268
222.303604 160.782120 1.649644
222.043839 161.247421 1.662549
221.913071 161.477142 1.668950
221.780930 161.706314 1.675356
221.647827 161.934250 1.681748
221.513641 162.161209 1.688132
221.377884 162.387894 1.694530
221.100311 162.842834 1.707436
220.960388 163.067917 1.713854
220.819611 163.291611 1.720254
220.677841 163.514191 1.726644
220.534485 163.736496 1.733049
220.241730 164.182358 1.745965
220.094376 164.402725 1.752385
219.945816 164.622269 1.758804
219.796448 164.840424 1.765206
219.645874 165.057724 1.771608
219.338470 165.493607 1.784524
219.183777 165.709106 1.790948
219.027908 165.923767 1.797371
218.871338 166.136856 1.803774
218.713638 166.349060 1.810176
218.554413 166.560837 1.816593
218.230057 166.984879 1.829521
218.067032 167.194336 1.835948
217.903214 167.402466 1.842362
217.738495 167.609360 1.848766
217.572235 167.815842 1.855185
217.233826 168.229034 1.868119
217.063721 168.433197 1.874553
216.892334 168.636612 1.880994
216.720642 168.838135 1.887405
216.547760 169.038773 1.893819
216.373474 169.238831 1.900244
216.018951 169.638916 1.913188
215.841110 169.836304 1.919622
215.662781 170.032028 1.926034
215.483200 170.226913 1.932451
215.302338 170.421082 1.938877
214.934601 170.809265 1.951825
214.750198 171.000717 1.958262
214.565353 171.190491 1.964677
214.379578 171.379135 1.971088
214.192093 171.567413 1.977522
213.811768 171.943024 1.990467
213.621063 172.128250 1.996904
213.428848 172.312881 2.003358
213.236511 172.495590 2.009782
213.043198 172.677185 2.016205
212.848557 172.858032 2.022639
212.453659 173.218811 2.035591
212.255676 173.396698 2.042036
212.057358 173.572891 2.048460
211.857864 173.748184 2.054891
211.657288 173.922440 2.061325
211.250504 174.269943 2.074280
211.046585 174.441238 2.080729
210.841721 174.611359 2.087178
210.636505 174.779877 2.093608
210.430466 174.947174 2.100034
210.012543 175.280762 2.112983
209.803177 175.445023 2.119427
209.592438 175.608490 2.125886
209.381622 175.770172 2.132319
209.170074 175.930527 2.138747
208.957184 176.090042 2.145189
208.526520 176.407196 2.158140
208.310410 176.563568 2.164600
208.093597 176.718628 2.171055
207.876633 176.871948 2.177488
207.658890 177.024048 2.183920
207.218109 177.326508 2.196865
206.997025 177.475510 2.203321
206.775223 177.623215 2.209773
206.552963 177.769424 2.216215
206.330032 177.914337 2.222654
205.879288 178.201965 2.235602
205.636368 178.354507 2.242053
205.390793 178.507675 2.248514
205.144592 178.660248 2.254980
204.898758 178.811554 2.261424
204.652191 178.962311 2.267875
204.404663 179.112656 2.274340
204.156601 179.262299 2.280807
203.907990 179.411285 2.287277
203.658691 179.559677 2.293754
203.409561 179.706940 2.300214
203.159927 179.853516 2.306676
202.636993 180.157303 2.320176
202.385422 180.301910 2.326653
202.133392 180.445755 2.333131
201.880783 180.588959 2.339614
201.628265 180.731125 2.346083
201.375137 180.872604 2.352556
201.121155 181.013580 2.359041
200.866623 181.153900 2.365529
200.611572 181.293472 2.372019
200.355957 181.432358 2.378513
200.100647 181.570114 2.384989
199.844894 181.707123 2.391466
199.314651 181.988037 2.404861
199.056808 182.123138 2.411359
198.798584 182.257431 2.417856
198.540710 182.390594 2.424335
198.282410 182.522964 2.430814
198.023209 182.654846 2.437306
197.763184 182.786163 2.443809
197.502762 182.916702 2.450312
197.241791 183.046524 2.456819
196.981339 183.175125 2.463303
196.720398 183.302994 2.469790
196.180099 183.564713 2.483191
195.917313 183.690521 2.489695
195.653824 183.815659 2.496207
195.389969 183.940048 2.502718
195.126541 184.063248 2.509210
194.862808 184.185623 2.515701
194.598114 184.307495 2.522205
194.332764 184.428680 2.528718
194.067017 184.549133 2.535231
193.800842 184.668777 2.541745
193.535141 184.787247 2.548239
193.268951 184.904999 2.554737
192.718521 185.145462 2.568146
192.450546 185.261063 2.574660
192.182022 185.375961 2.581181
191.913986 185.489685 2.587681
191.645645 185.602570 2.594179
191.376541 185.714859 2.600688
191.106644 185.826508 2.607208
190.836273 185.937424 2.613732
190.565506 186.047516 2.620257
190.295303 186.156464 2.626760
190.024841 186.264572 2.633262
189.465927 186.485001 2.646674
189.193878 186.590851 2.653191
188.921326 186.695953 2.659711
188.648132 186.800339 2.666240
188.375259 186.903687 2.672754
188.102295 187.006134 2.679262
187.828552 187.107910 2.685781
187.554337 187.208954 2.692305
187.279587 187.309235 2.698773
187.004272 187.408798 2.705103
186.729233 187.507324 2.711275
186.453659 187.605103 2.717307
185.885483 187.803772 2.729270
185.608383 187.899200 2.734872
185.330795 187.993912 2.740333
185.053329 188.087601 2.745641
184.775177 188.180618 2.750811
184.496002 188.273026 2.755849
184.216339 188.364670 2.760744
183.936142 188.455536 2.765497
183.655365 188.545654 2.770108
183.374908 188.634735 2.774563
183.093643 188.723114 2.778878
182.515915 188.901749 2.787271
182.232788 188.987869 2.791152
181.949066 189.073212 2.794890
181.664597 189.157822 2.798485
181.380188 189.241470 2.801926
181.095032 189.324417 2.805226
180.808975 189.406647 2.808383
180.522171 189.488159 2.811394
180.234589 189.568924 2.814260
179.947220 189.648712 2.816972
179.659073 189.727722 2.819537
179.071213 189.886002 2.824296
178.780914 189.962692 2.826413
178.489868 190.038635 2.828380
178.197845 190.113846 2.830199
177.905823 190.188110 2.831862
177.613174 190.261566 2.833373
177.319489 190.334305 2.834734
177.024872 190.406311 2.835943
176.729355 190.477554 2.836998
176.433823 190.547821 2.837897
176.137589 190.617264 2.838640
175.538696 190.754684 2.839664
175.240234 190.821671 2.839935
174.940857 190.887894 2.840048
174.640488 190.953339 2.840001
174.339981 191.017807 2.839795
174.038788 191.081436 2.839428
173.736435 191.144287 2.838899
173.433121 191.206345 2.838206
173.128784 191.267609 2.837348
172.824356 191.327881 2.836329
172.519180 191.387268 2.835143
171.908890 191.503006 2.832284
171.601410 191.559784 2.830599
171.292938 191.615723 2.828742
170.983322 191.670853 2.826713
170.673645 191.724930 2.824517
170.363190 191.778122 2.822149
170.051544 191.830475 2.819604
169.738876 191.881958 2.816883
169.425095 191.932571 2.813983
169.111191 191.982147 2.810912
168.796509 192.030777 2.807664
168.174713 192.123779 2.800747
167.857468 192.169662 2.796962
167.539124 192.214615 2.792992
167.220474 192.258530 2.788845
166.901154 192.301453 2.784515
166.580612 192.343475 2.779994
166.258942 192.384552 2.775282
165.936035 192.424683 2.770375
165.613098 192.463715 2.765289
165.289322 192.501755 2.760013
164.656982 192.572861 2.749197
164.330872 192.607910 2.743354
164.003479 192.641968 2.737308
163.675705 192.674942 2.731072
163.347137 192.706879 2.724639
163.017197 192.737793 2.717997
162.686142 192.767685 2.711147
162.353851 192.796524 2.704086
162.021423 192.824234 2.696835
161.688354 192.850861 2.689384
161.353943 192.876419 2.681715
160.709732 192.922394 2.666410
160.372910 192.944702 2.658223
160.035812 192.965866 2.650031
159.698212 192.985886 2.641829
159.359512 193.004776 2.633601
159.019592 193.022537 2.625346
158.678482 193.039169 2.617063
158.337311 193.054596 2.608780
157.995407 193.068863 2.600481
157.341553 193.092758 2.584612
156.997681 193.103561 2.576267
156.653107 193.113159 2.567907
156.307739 193.121552 2.559528
155.961761 193.128738 2.551135
155.615326 193.134674 2.542732
155.267899 193.139404 2.534305
154.919876 193.142914 2.525863
154.571259 193.145142 2.517408
154.209198 193.146271 2.508935
153.827774 193.147232 2.500449
153.445557 193.148178 2.491945
153.062683 193.149139 2.483427
152.679230 193.150085 2.474895
152.295181 193.151047 2.466351
151.910614 193.152008 2.457795
151.525360 193.152969 2.449224
151.139465 193.153931 2.440638
150.752960 193.154892 2.432039
150.365967 193.155869 2.423429
149.978516 193.156830 2.414808
149.590530 193.157791 2.406176
149.202042 193.158768 2.397533
148.813095 193.159744 2.388879
148.423721 193.160706 2.380216
148.033997 193.161682 2.371545
147.643829 193.162659 2.362865
147.253296 193.163635 2.354176
146.862381 193.164612 2.345479
146.471146 193.165588 2.336774
146.079590 193.166565 2.328062
145.687698 193.167542 2.319343
145.295532 193.168518 2.310618
144.903076 193.169495 2.301887
144.510345 193.170471 2.293149
144.117355 193.171448 2.284405
143.724152 193.172440 2.275657
143.330673 193.173416 2.266903
142.936996 193.174393 2.258144
142.543091 193.175385 2.249380
142.149002 193.176361 2.240612
141.754730 193.177353 2.231840
141.360245 193.178329 2.223063
140.965591 193.179321 2.214283
140.570786 193.180298 2.205499
140.175812 193.181290 2.196711
139.780685 193.182281 2.187920
139.385422 193.183258 2.179126
138.990021 193.184250 2.170329
138.594467 193.185242 2.161529
138.198807 193.186218 2.152726
137.803040 193.187210 2.143920
137.407150 193.188202 2.135112
137.011154 193.189178 2.126302
136.615051 193.190170 2.117489
136.218842 193.191162 2.108674
135.822556 193.192154 2.099857
135.426163 193.193146 2.091038
135.029694 193.194122 2.082217
134.633148 193.195114 2.073394
134.236526 193.196106 2.064570
133.839828 193.197098 2.055744
133.443069 193.198090 2.046916
133.046219 193.199081 2.038088
132.649353 193.200073 2.029258
132.252380 193.201065 2.020425
131.855362 193.202057 2.011593
131.458298 193.203049 2.002759
131.061188 193.204025 1.993923
130.664017 193.205017 1.985087
130.266830 193.206009 1.976250
129.869537 193.207001 1.967411
129.472275 193.207993 1.958572
129.074905 193.208984 1.949731
128.677536 193.209976 1.940890
128.280121 193.210968 1.932048
127.882660 193.211960 1.923205
127.485199 193.212952 1.914362
127.087677 193.213943 1.905518
126.690117 193.214935 1.896673
126.292572 193.215927 1.887828
125.894974 193.216919 1.878982
125.497314 193.217911 1.870134
125.099670 193.218903 1.861287
124.702003 193.219894 1.852440
124.304337 193.220886 1.843592
123.906586 193.221878 1.834743
123.508820 193.222870 1.825893
123.111076 193.223862 1.817044
122.713318 193.224869 1.808194
122.315544 193.225861 1.799344
121.917694 193.226852 1.790493
121.519836 193.227844 1.781641
121.121994 193.228836 1.772789
120.724136 193.229828 1.763938
120.326279 193.230820 1.755086
119.928436 193.231812 1.746234
119.530548 193.232803 1.737382
119.132599 193.233795 1.728528
118.734650 193.234787 1.719674
118.336700 193.235779 1.710820
117.938751 193.236771 1.701966
117.540802 193.237762 1.693113
117.142853 193.238754 1.684259
116.744904 193.239761 1.675405
116.346947 193.240753 1.666551
115.948997 193.241745 1.657697
115.551041 193.242737 1.648843
115.153000 193.243729 1.639987
114.754951 193.244720 1.631131
114.356903 193.245712 1.622275
113.958847 193.246704 1.613419
113.560822 193.247696 1.604563
113.162766 193.248688 1.595707
112.764717 193.249680 1.586851
112.366669 193.250671 1.577995
111.968620 193.251678 1.569139
111.570572 193.252670 1.560283
111.172531 193.253662 1.551427
110.774490 193.254654 1.542571
110.376427 193.255646 1.533715
109.978378 193.256638 1.524859
109.580345 193.257629 1.516003
109.182297 193.258621 1.507147
108.784241 193.259613 1.498291
108.386200 193.260605 1.489435
107.988144 193.261597 1.480579
107.590118 193.262604 1.471723
107.192062 193.263596 1.462867
106.794006 193.264587 1.454011
106.395859 193.265579 1.445153
105.997719 193.266571 1.436294
105.599579 193.267563 1.427436
105.201424 193.268555 1.418578
104.803284 193.269547 1.409720
104.405136 193.270538 1.400862
104.006989 193.271530 1.392004
103.608856 193.272537 1.383145
103.210701 193.273529 1.374287
102.812561 193.274521 1.365429
102.414413 193.275513 1.356571
102.016266 193.276505 1.347713
101.618126 193.277496 1.338854
101.219978 193.278488 1.329996
100.821838 193.279480 1.321138
100.423691 193.280472 1.312280
100.025558 193.281479 1.303422
99.627403 193.282471 1.294564
99.229248 193.283463 1.285705
98.831116 193.284454 1.276847
98.432968 193.285446 1.267989
98.034821 193.286438 1.259131
97.636681 193.287430 1.250273
97.238541 193.288422 1.241414
96.840393 193.289413 1.232556
96.442245 193.290421 1.223698
96.044106 193.291412 1.214840
95.645950 193.292404 1.205982
95.247818 193.293396 1.197124
94.849670 193.294388 1.188265
94.451523 193.295380 1.179407
94.053383 193.296371 1.170549
93.655228 193.297363 1.161691
93.257088 193.298355 1.152833
92.858948 193.299347 1.143974
92.460800 193.300354 1.135116
92.062668 193.301346 1.126258
91.664513 193.302338 1.117400
91.266365 193.303329 1.108542
90.868217 193.304321 1.099683
90.470078 193.305313 1.090825
90.071930 193.306305 1.081967
89.673790 193.307297 1.073109
89.275642 193.308289 1.064251
88.877502 193.309296 1.055393
88.479355 193.310287 1.046534
88.081215 193.311279 1.037676
87.683067 193.312271 1.028818
87.284927 193.313263 1.019960
86.886780 193.314255 1.011102
86.488640 193.315247 1.002244
86.090492 193.316238 0.993385
85.692345 193.317230 0.984527
85.294197 193.318237 0.975669
84.896057 193.319229 0.966811
84.497917 193.320221 0.957953
84.099777 193.321213 0.949095
83.701622 193.322205 0.940236
83.303474 193.323196 0.931378
82.905327 193.324188 0.922520
82.507187 193.325180 0.913662
82.109047 193.326172 0.904804
81.710899 193.327164 0.895945
81.312752 193.328171 0.887087
80.914612 193.329163 0.878229
80.516464 193.330154 0.869371
80.118324 193.331146 0.860513
79.720177 193.332138 0.851654
79.322037 193.333130 0.842796
78.923889 193.334122 0.833938
78.525742 193.335114 0.825080
78.127602 193.336105 0.816222
77.729454 193.337112 0.807364
77.331306 193.338104 0.798505
76.933167 193.339096 0.789647
76.535019 193.340088 0.780789
76.136887 193.341080 0.771931
75.738731 193.342072 0.763073
75.340591 193.343063 0.754215
74.942444 193.344055 0.745356
74.544304 193.345047 0.736498
74.146149 193.346039 0.727640
73.748009 193.347046 0.718782
73.349869 193.348038 0.709924
72.951714 193.349030 0.701065
72.553581 193.350021 0.692207
72.155441 193.351013 0.683349
71.757294 193.352005 0.674491
71.359154 193.352997 0.665633
70.960999 193.353989 0.656774
70.562859 193.354980 0.647916
70.164711 193.355988 0.639058
69.766571 193.356979 0.630200
69.368431 193.357971 0.621342
68.970276 193.358963 0.612484
68.572128 193.359955 0.603625
68.173988 193.360947 0.594767
67.775841 193.361938 0.585909
67.377701 193.362930 0.577051
66.979561 193.363922 0.568193
66.581421 193.364929 0.559335
66.183266 193.365921 0.550476
65.785118 193.366913 0.541618
65.386986 193.367905 0.532760
64.988831 193.368896 0.523902
64.590683 193.369888 0.515043
64.192551 193.370880 0.506186
63.794399 193.371872 0.497327
63.396244 193.372864 0.488469
62.998104 193.373856 0.479611
62.599979 193.374863 0.470753
62.201817 193.375854 0.461894
61.803684 193.376846 0.453036
61.405537 193.377838 0.444178
61.007389 193.378830 0.435320
60.609249 193.379822 0.426462
60.211109 193.380814 0.417604
59.812954 193.381805 0.408745
59.414806 193.382797 0.399887
59.016666 193.383804 0.391029
58.618526 193.384796 0.382171
58.220371 193.385788 0.373313
57.822239 193.386780 0.364454
57.424076 193.387772 0.355596
57.025974 193.388763 0.346739
56.355671 193.390442 0.331828
55.957661 193.391434 0.323057
55.559696 193.392426 0.314404
55.161770 193.393417 0.305870
54.763935 193.394409 0.297455
54.366177 193.395401 0.289158
53.968441 193.396393 0.280980
53.570690 193.397385 0.272919
53.173054 193.398376 0.264977
52.775570 193.399368 0.257156
52.378216 193.400360 0.249454
51.980976 193.401352 0.241871
51.583828 193.402344 0.234407
51.186848 193.403336 0.227064
50.790104 193.404327 0.219841
50.393452 193.405319 0.212737
49.996853 193.406311 0.205750
49.600338 193.407288 0.198881
49.204037 193.408279 0.192133
48.807934 193.409271 0.185504
48.411999 193.410263 0.178995
48.016224 193.411240 0.172604
47.620594 193.412231 0.166332
47.225262 193.413223 0.160181
46.830105 193.414200 0.154148
46.435078 193.415192 0.148232
46.040134 193.416183 0.142434
45.645405 193.417160 0.136754
45.250919 193.418152 0.131194
44.856640 193.419128 0.125751
44.462551 193.420120 0.120427
44.068653 193.421097 0.115220
43.674984 193.422073 0.110131
43.281612 193.423065 0.105161
42.888409 193.424042 0.100307
42.495327 193.425018 0.095570
42.102421 193.425995 0.090949
41.709759 193.426987 0.086446
41.317356 193.427963 0.082059
40.925167 193.428940 0.077790
40.533192 193.429916 0.073636
40.141415 193.430893 0.069599
39.749966 193.431870 0.065678
39.358761 193.432846 0.061874
38.967716 193.433823 0.058184
38.576794 193.434799 0.054609
38.186115 193.435776 0.051150
37.795704 193.436752 0.047806
37.405544 193.437729 0.044577
37.015621 193.438690 0.041463
36.625896 193.439667 0.038463
36.236423 193.440643 0.035577
35.847294 193.441605 0.032807
35.458355 193.442581 0.030150
35.069576 193.443542 0.027606
34.680965 193.444519 0.025175
34.292622 193.445496 0.022858
33.904568 193.446457 0.020654
33.516750 193.447418 0.018563
33.129162 193.448395 0.016585
32.741779 193.449356 0.014720
32.354710 193.450317 0.012967
31.967936 193.451294 0.011326
31.581347 193.452255 0.009797
31.194910 193.453217 0.008379
30.808680 193.454178 0.007073
30.422747 193.455139 0.005878
30.037081 193.456100 0.004794
29.651659 193.457062 0.003822
29.266451 193.458023 0.002960
28.881472 193.458984 0.002208
28.496843 193.459946 0.001567
28.112467 193.460907 0.001036
27.727854 193.461868 0.000614
27.344065 193.462830 0.000302
26.960596 193.463791 0.000100
26.576471 193.464737 0.000007
26.193514 193.465698 0.000000
25.810518 193.466660 0.000000
25.427477 193.467606 0.000000
25.045168 193.468567 0.000000
24.662020 193.469513 0.000000
24.279772 193.470474 0.000000
23.897921 193.471420 0.000000
23.515261 193.472382 0.000000
23.133348 193.473328 0.000000
22.751635 193.474289 0.000000
22.370028 193.475235 0.000000
21.988543 193.476196 0.000000
21.607180 193.477142 0.000000
21.225954 193.478088 0.000000
20.844835 193.479050 0.000000
20.463854 193.479996 0.000000
20.083010 193.480942 0.000000
19.702272 193.481888 0.000000
19.321672 193.482849 0.000000
18.941179 193.483795 0.000000
18.560808 193.484741 0.000000
18.180544 193.485687 0.000000
17.800402 193.486633 0.000000
17.420366 193.487595 0.000000
17.040440 193.488541 0.000000
16.660620 193.489487 0.000000
16.280905 193.490433 0.000000
15.901293 193.491379 0.000000
15.521782 193.492325 0.000000
15.142370 193.493271 0.000000
14.763057 193.494217 0.000000
14.383838 193.495163 0.000000
14.004714 193.496109 0.000000
13.625681 193.497055 0.000000
13.246740 193.498001 0.000000
12.867889 193.498947 0.000000
12.489124 193.499893 0.000000
12.110445 193.500839 0.000000
11.731852 193.501785 0.000000
11.353339 193.502731 0.000000
10.974910 193.503677 0.000000
10.596559 193.504623 0.000000
10.218287 193.505569 0.000000
9.840091 193.506500 0.000000
9.461974 193.507446 0.000000
9.083928 193.508392 0.000000
8.705956 193.509338 0.000000
8.328057 193.510284 0.000000
7.950227 193.511215 0.000000
7.572468 193.512161 0.000000
7.194777 193.513107 0.000000
6.817152 193.514053 0.000000
6.439590 193.514984 0.000000
6.062099 193.515930 0.000000
5.684667 193.516876 0.000000
5.307298 193.517822 0.000000
4.929989 193.518753 0.000000
4.552740 193.519699 0.000000
4.175552 193.520645 0.000000
3.798419 193.521576 0.000000
