230.53996395699966 116.29565295359875
230.53586145423708 116.46422022080822
230.53161587265004 116.63908848504869
230.52722567077345 116.81928808407052
230.5227201765607 117.0050810089152
230.5180831823468 117.195466575591
230.51333861829812 117.39064663780763
230.50848564787304 117.59037055688599
230.50352429902503 117.79436302353366
230.49846107112398 118.00207315078752
230.49331692666814 118.21366819986912
230.4880874341866 118.42853583909299
230.4827887468139 118.64698758902792
230.47740391603702 118.86819952953036
230.4719541842517 119.09233069313784
230.46643355780503 119.31899795480156
230.4608611703301 119.54853826473028
230.45521705351595 119.78027287505643
230.44952430564499 120.01442970864463
230.4437747083301 120.25052575384484
230.43798880763433 120.48889609041568
230.43214680374842 120.72890300491682
230.4262685454033 120.9708659150866
230.42033779508253 121.21422217962383
230.41438298904197 121.45957170736203
230.40837229751128 121.70631396004488
230.40233044792234 121.95464864904282
230.3962562370779 122.20459144393088
230.390138596425 122.45602667218918
230.38398941601477 122.70884596196034
230.3778076673733 122.96320585236775
230.37158573269264 123.21878675013306
230.36534258978102 123.47600094535031
230.35905362888312 123.734565489521
230.35272417205005 123.99430299917354
230.3463764471351 124.25543068143482
230.3399983547386 124.51787748321188
230.33358686232972 124.78167490865305
230.32713523516614 125.04648540267472
230.32066500641648 125.31266881233027
230.31416465207633 125.58003238406113
230.3076333087939 125.84857849629928
230.30107184176316 126.1182736882779
230.29448162208206 126.38902848207913
230.28787413551794 126.66096050197571
230.28123614221198 126.9340193427449
230.2745686791626 127.20802713285637
230.26788267618 127.48320554858671
230.2611572703483 127.75920379421014
230.2544272703821 128.03635195387415
230.24766617690545 128.3145109169483
230.24087484854738 128.59361847435403
230.23405748880447 128.87343679701138
230.2272359074724 129.15441588176725
230.2203828916812 129.43625763737916
230.2135026095972 129.71894313061867
230.2066065301955 130.0024742635142
230.19969289403352 130.2869805407301
230.1927507577851 130.5722080374624
230.18579339257525 130.85829992641413
230.17881871304675 131.14527997617873
230.1718151899664 131.4329793801718
230.16479672813117 131.72142525683572
230.1577622319638 132.0106805344167
230.15071355087832 132.30066041237725
230.14364682603673 132.59147233438216
230.13655198081264 132.88295497513784
230.12944123413416 133.17513456491932
230.12231547563425 133.4680026381272
230.11517472649714 133.7615553240255
230.10801871979382 134.05580659966145
230.10084664004376 134.35071687879557
230.09365961999262 134.64621870321093
230.08645770458426 134.9423272250625
230.07924053799806 135.23908707430417
230.07200960514695 135.53636500462497
230.06477444319972 135.83441297147377
230.05751106873583 136.13299736223235
230.05024778681405 136.43146994576668
230.04297206889404 136.73037208948824
230.03569071246588 137.03016700004147
230.02838364985382 137.33033533911248
230.02107249844613 137.63123479089674
230.01376450181078 137.93137956200897
230.0064561037476 138.2318318088513
229.9991322405783 138.53309518001961
229.99168999815757 138.8390752018637
229.98453137593566 139.106976322667
229.97601495808863 139.37214719723943
229.96612029761636 139.63643487900538
229.95459287360302 139.90528326275398
229.9292040259955 140.40724269563418
229.91372854653946 140.67275279123885
229.89677569876065 140.9385531070798
229.87846085866093 141.20367120868644
229.8587201801471 141.46862439514172
229.83707791065362 141.73928587521232
229.78989643702872 142.27493729388922
229.76428859500098 142.54103393107889
229.73721620884734 142.80720482333916
229.70877193528995 143.0726189675886
229.67891522678804 143.33761661109818
229.64695215630238 143.60826399104428
229.57924753419636 144.1440390641629
229.54346294970335 144.40978734911187
229.50629778553494 144.67507134387614
229.46764285831017 144.94042714123475
229.42677899046737 145.21045096494586
229.34154324247172 145.7446606728888
229.2970175846775 146.00974204369243
229.25090685110547 146.2754013667732
229.203525095552 146.5398691563172
229.15473406096342 146.8040181712678
229.10341103617148 147.073502815001
228.9976488365235 147.60526306688558
228.94283569608473 147.86957793548058
228.88674221580047 148.13285866729657
228.8291545883475 148.3960918181834
228.7688997372731 148.6644054033049
228.64556747707942 149.1934172414041
228.58198311468414 149.4563314221142
228.51694100816192 149.71901915204268
228.45060139743885 149.98087052960935
228.38157857047952 150.24712594671675
228.24083479176826 150.77223530356693
228.16852805884977 151.03347946984746
228.09471146715515 151.2945884798593
228.01965894134312 151.55458899359894
227.94325521681722 151.81402179332912
227.8638282815643 152.07827877708075
227.70280564045208 152.59857640964267
227.62035649747705 152.85738454210016
227.53621356711727 153.11665752211104
227.45111217141184 153.3739852863776
227.36303182756106 153.6354640790123
227.18483905988242 154.15059161605478
227.09378248355227 154.40686432687986
227.0012851520486 154.66282866956777
226.90757865108293 154.9177636155457
226.8123140612997 155.17260135393946
226.71381727381404 155.43166051487208
226.51569658473676 155.94018527725507
226.41476633948204 156.1930215308015
226.31246762979734 156.44534039704925
226.20884205359116 156.69689099371413
226.10172085336308 156.95285981698572
225.88653138878595 157.45547679202284
225.77696575794576 157.70564508290653
225.66609760939008 157.95503569560768
225.55412407520765 158.203276995546
225.44067227012928 158.45110569769452
225.32338288178832 158.70359629119937
225.08899926237197 159.1974961076938
224.96967540935145 159.44367591966213
224.84942327681705 159.6883285682478
224.7277483589546 159.93247267201048
224.60236415273363 160.18053403873455
224.35145483422693 160.6670676539176
224.22375726387034 160.9096746250269
224.09487847474273 161.15129809267575
223.96509403735828 161.39146055699848
223.83161316148977 161.63516630730302
223.56469163905734 162.11316186785382
223.4291065245695 162.35129089363497
223.29213797395374 162.588782390062
223.1542336576594 162.82488964753398
223.01499528542556 163.06033930737172
222.87177830309048 163.29936523443024
222.58654095514177 163.76674986220786
222.4414965608643 164.00002076618406
222.29563346685984 164.23174805241578
222.14856076217183 164.46260197692786
221.99733091868362 164.69700722751932
221.69646788620608 165.15510549161158
221.54373426771113 165.38346992699041
221.3897826597427 165.61093491200035
221.23486431972506 165.8371478790902
221.07599753791706 166.06631046941922
220.7601122591777 166.51411338749597
220.59984323125533 166.7373357548205
220.43815438428993 166.959964440451
220.2759409051409 167.18069060321537
220.11239345684896 167.4007173453056
219.9443990742488 167.6240579146713
219.61105904940038 168.0597433354172
219.44216647558468 168.2766969259662
219.27230074818715 168.4924666770357
219.10154883738196 168.70689552853577
218.92610958507456 168.92468085569058
218.5783130939398 169.34923686298032
218.40202329571935 169.56078157122838
218.2244304912455 169.77152122016324
218.04637667511545 169.98046926421364
217.86726579755222 170.18829657532416
217.68324005118473 170.39943984503088
217.3190873935881 170.810302084119
217.13469474281578 171.01492120382582
216.9497161936397 171.21790227974955
216.76373825139035 171.41969201839615
216.5727802226694 171.62460871713546
216.19502381972342 172.02328078058957
216.0038077737063 172.2217667677278
215.81223517021115 172.41840991165887
215.6196235587591 172.61395766427282
215.42178932880682 172.81254228602577
215.03104037505614 173.19836255012305
214.8333510633964 173.39033464507995
214.63412089656248 173.5816667363684
214.43468583543032 173.77108091088158
214.234372643659 173.9592157985005
214.02892079263742 174.15002322173123
213.62326545225474 174.52054858755133
213.41798225047552 174.70495798184825
213.21248453523262 174.88749462375947
213.0055843839328 175.0692585324565
212.79396703499415 175.25302662679465
212.37610186330298 175.60991667516222
212.1645828484397 175.78755921385803
211.9523092274031 175.96379893920385
211.73960638942125 176.13843039411336
211.52218423791732 176.3148915472292
211.09275111149637 176.65758821846674
210.87576874992095 176.8277908539804
210.6574271631453 176.99712173029536
210.43875559602458 177.16479329632247
210.2194318350731 177.3310083936539
209.99490614852937 177.49916681436235
209.55238942564733 177.82497310572643
209.32841816718107 177.98700025042595
209.10353520754282 178.14779727511936
208.8787761458442 178.30659398951713
208.64903254861076 178.46700251537132
208.19615044483928 178.77769197599227
207.96700915284276 178.9320918697327
207.73698446248758 179.08523924373665
207.5067289337516 179.23667671975036
207.2714058223899 179.3895709904296
206.80992965178422 179.6839927041825
206.5624901459401 179.8393631448165
206.3126248305421 179.99519847080626
206.06186599542715 180.15058635665363
205.81163570503708 180.30458926269347
205.56066825787232 180.45802790902013
205.30860710853352 180.611116893266
205.05616664313123 180.76339248599544
204.80308558809315 180.9150482420618
204.54919057174095 181.0661664665178
204.2956444185637 181.21603117529273
204.03898420642935 181.36671077524363
203.5091074955323 181.67450974487113
203.2528824507499 181.82178248359352
202.99643267788016 181.9681415436623
202.73931181721812 182.11389449699848
202.4820678827441 182.2587115400748
202.2244361117176 182.40269910123905
201.96602586392933 182.54612468883727
201.70671612989634 182.6890688939986
201.44705685946306 182.8311537127117
201.18694726680837 182.97247331271842
200.92702727465002 183.11270780319944
200.6641464965666 183.2535140717763
200.12685373003904 183.53814239168054
199.86425347417025 183.6757267434353
199.60152687732088 183.81235309957916
199.33882710077245 183.9479986017187
199.0759974944977 184.08268156692577
198.81209594173413 184.21694631469217
198.54738373649965 184.35062161986625
198.28219731212585 184.48353976895098
198.01657289019982 184.61566804138639
197.75140409670175 184.74658920475994
197.48330035150119 184.8779479682397
196.93577050171115 185.14314911891694
196.6680680733017 185.27130144646048
196.4000587072603 185.39857837940005
196.13133734873148 185.5252523942341
195.86312694642444 185.65068024848497
195.5947016766149 185.77522409654313
195.32510871524482 185.89934256933762
195.05522324010812 186.0225911162115
194.78448314501856 186.14529788206954
194.51349598613896 186.26709620968256
194.24309750450902 186.3876524447931
193.96952766851933 186.50864869102557
193.4117003698093 186.752323027367
193.1389747117541 186.8699650818038
192.86554411996397 186.98695370995245
192.59257161507145 187.10276328793836
192.31955196442314 187.21760851449488
192.04549028793886 187.33195728092363
191.77083976118004 187.44556451255
191.49541024992038 187.5585464771026
191.21992567039513 187.6705486229007
190.94483887901362 187.78145727440884
190.66689112725305 187.8925374892209
190.1004848051575 188.11590148498178
189.82352270084155 188.22365458607587
189.54594834697753 188.33068445307
189.26796125415387 188.43689382514185
188.99017492419912 188.54209427725624
188.71214811229277 188.64643250375684
188.433628230838 188.74997661097382
188.15435230766784 188.85287663521257
187.87472459634972 188.95492975948943
187.59444237890548 189.05628060199084
187.31442193662113 189.15658259356746
187.03127335791294 189.25702964895657
186.45530637477657 189.45840226732813
186.1734885241197 189.55544748954057
185.89064486934006 189.65194340012482
185.60833655831792 189.74725958242288
185.32509128853823 189.84197114586075
185.04095371685958 189.93601356047415
184.75617543928024 190.02932510506682
184.47094935974377 190.121813614314
184.1851325672799 190.2135407841249
183.8995042175988 190.3042555325126
183.61059942387575 190.39501592769005
183.02518215544347 190.57600912446884
182.7368735002404 190.66369649960947
182.44797056913907 190.7505891880207
182.15837879874795 190.8367143536741
181.86897409720677 190.921823579214
181.57850815134913 191.00630606027616
181.287392336138 191.0899820386903
180.9953381439509 191.17297734447672
180.7027657165218 191.25513589715493
180.40998898523432 191.33641602212745
180.11405338097734 191.41754236114073
179.51818693838376 191.57795776136194
179.22275013369847 191.65599670706203
178.92633956997486 191.73333042060037
178.62915806942928 191.80986163558222
178.33186366836114 191.88545773953436
178.03389632023553 191.9602398148496
177.7349693540446 192.03426855119832
177.43501044983023 192.10757125403845
177.13415791845625 192.18009169332996
176.8332295434819 192.25163273051007
176.528967245943 192.32293778727666
175.9219331783375 192.46220538058057
175.6182020440112 192.5303664549323
175.31341001545303 192.59777827990817
175.00756480401085 192.6644072686431
174.7016965363664 192.73001664567752
174.39495185927206 192.7948090782723
174.087217933608 192.85876981807928
173.77847366211157 192.92192989698776
173.46865956425236 192.98428736265967
173.15863402094305 193.04565811147708
172.84524579104826 193.10662284990968
172.22666553488196 193.22391236277247
171.91366615794044 193.28170040094057
171.59971645496046 193.33862374571117
171.2843584331986 193.3947662999914
170.96917592420266 193.44979563906872
170.65310787970358 193.50393995767354
170.33586541192702 193.55722377579806
170.01754973257593 193.60962722493056
169.69809510751364 193.66114582953364
169.37845811885296 193.71161752220618
169.0553768492269 193.76152465250067
168.42520836867973 193.855758234942
168.10215604946723 193.90247121005407
167.77804337611516 193.94822900886035
167.45361220312722 193.99293092776796
167.1286268473286 194.03660604907907
166.8022854758919 194.0793784737236
166.47477221216806 194.12119166311825
166.14602170382616 194.1620389175413
165.81729859043622 194.20176048814633
165.48487526827253 194.24079465431157
164.84398804789 194.3128405223083
164.51194366727646 194.34851709274363
164.17864452185682 194.3831793714171
163.84500811042042 194.41673316337224
163.51038966693125 194.44924766556417
163.17456980252334 194.48070257913093
162.837452893014 194.51113130363416
162.4992205324537 194.54047574790866
162.1608807579227 194.56866844524453
161.8217121852888 194.59577234285268
161.47851731046163 194.62197943755962
160.825382574891 194.66856837403256
160.48256422750256 194.69126317854207
160.13940666799462 194.71279706468556
159.79566167983936 194.73317062475326
159.45082586284636 194.75239202717884
159.10481806620044 194.77046048735306
158.75753236566268 194.787382671062
158.41027165984113 194.80307440767783
158.05931783419823 194.81769558354586
157.39650346887316 194.84189505751493
157.0464077980933 194.85288249679417
156.6956222731552 194.86264248135888
156.34407884923522 194.87117464941832
155.9917420221793 194.8784811635277
155.63914894117855 194.88451184033715
155.2855477979875 194.88931500343176
154.93105996514268 194.89287826218384
154.57671592685614 194.8951334919628
154.21360712124618 194.89626544560664
153.83210529591148 194.8972266399536
153.44994942336268 194.898172487595
153.06700033475036 194.89913367445527
152.68361354147132 194.9000795098696
152.29955408648195 194.90104153602095
151.9149792882718 194.9020025554967
151.52972257212164 194.90296356226756
151.1438161592389 194.9039255906836
150.75737802448992 194.90488642315043
150.37030753551812 194.90586361706147
149.982850550322 194.90682463189353
149.59493102292294 194.90778546599222
149.20643332998208 194.9087624903392
148.817418593414 194.90973865899772
148.42810357496077 194.910700512292
148.0383790729524 194.91167651354667
147.6482024963913 194.91265353500134
147.25766969929577 194.9136295344883
146.8667466489969 194.91460655459568
146.47551253933955 194.91558255237803
146.08395279558349 194.91655956171363
145.69205328503367 194.91753658042316
145.29988852583236 194.91851257732873
144.90742501936862 194.91948959599551
144.51469560616414 194.92046559205127
144.12177000821538 194.92144243076217
143.72849275197342 194.92243461652959
143.33501601403148 194.92341061091585
142.9414031400337 194.92438745059331
142.5474250330788 194.9253796331747
142.15340503776383 194.9263554609167
141.75905968242762 194.92734764395092
141.36464377592995 194.92832347164034
140.9699216056532 194.92931564166855
140.57518121215256 194.93029248059568
140.18020108134732 194.9312844959851
139.78501058771513 194.93227565407855
139.38981246572104 194.93325249250725
138.9944097675028 194.93424449677278
138.5987838245552 194.9352366757085
138.20319340550287 194.93621250268765
137.80742504268878 194.93720450611102
137.41146316178023 194.93819668474353
137.01553668469543 194.9391725120157
136.61943251217872 194.94016451494593
136.22322266083822 194.94115651707855
135.82693547835586 194.94214852003586
135.4304710160735 194.94314069742086
135.03407178862494 194.94411652426396
134.63752494976615 194.945108526363
134.24090211122888 194.94610052845778
133.84420343842459 194.94709253014292
133.44743902543223 194.94808454367245
133.05059325875945 194.94907553309514
132.6537260797302 194.95006753603684
132.25675258406665 194.95105953728066
131.85973407750447 194.9520515385438
131.46259906227846 194.95304371452656
131.06555889965065 194.95401954149284
130.66838772357752 194.9550115419271
130.27119955745124 194.9560035448407
129.8739068984238 194.95699554398934
129.47663930683473 194.95798755794002
129.07927372174376 194.9589785469276
128.68190421607588 194.95997054818534
128.28448871052518 194.9609625494475
127.88702771052517 194.96195454944748
127.48956163807044 194.9629465621006
127.09204362288898 194.96393755216644
126.69448378764751 194.96492955175043
126.2969382055563 194.96592155320334
125.89933952481633 194.96691355490384
125.50167970047096 194.96790555446478
125.10403104734608 194.96889756606993
124.70636845894953 194.96988855506717
124.30870152605004 194.97088055739457
123.91095036146211 194.97187255780574
123.513184602862 194.972864557206
123.11550644351722 194.9738563917538
122.71768227368696 194.9748635580271
122.31990304139732 194.9758555710658
121.92205735226094 194.976846560321
121.52419952774066 194.9778385598868
121.12635735226094 194.978830560321
120.72849936322801 194.97982256029442
120.33064251677277 194.98081455991448
119.93279462509287 194.9818065720995
119.53491035448839 194.98279756280994
119.13696135448852 194.9837895628111
118.7390123435264 194.9847815628378
118.34106235448839 194.98577356280995
117.94310895698092 194.98676557376777
117.54516435448839 194.98775656280995
117.14728131709062 194.9887483971354
116.74926626679408 194.98975556303034
116.3513093435264 194.99074756283773
115.95335927775557 194.9917395630022
115.55540234621508 194.9927315653242
115.15735686215844 194.99372357649148
114.75931226951771 194.9947145655123
114.36126418186687 194.99570656573042
113.96320852153347 194.99669856488381
113.56518318186687 194.9976905657304
113.1671272585613 194.9986825655432
112.76907387310393 194.99967457646295
112.37109620459222 195.0006653999509
111.9729812695177 195.0016725655123
111.57493334621508 195.00266456532418
111.17689234621508 195.00365656532423
110.7788511051754 195.0046485659211
110.38078825856117 195.00564056554205
109.98273503729307 195.0066325760554
109.5847062695177 195.00762356551223
109.18665818186687 195.0086155657305
108.78860234621507 195.0096075653242
108.39056118186687 195.01059956573042
107.99257146041748 195.01159139930343
107.59447918186687 195.01259856573043
107.19641878554147 195.01359057668355
106.79836618508656 195.01458156821369
106.4002192617458 195.01557356802385
106.0020792617458 195.01656556802385
105.60393909747933 195.01755756843247
105.2057842617458 195.01854956802384
104.8076397788259 195.01954157918738
104.4094961850867 195.02053256821486
104.01141527052545 195.02152440231242
103.61321609747932 195.02253156843247
103.2150612617458 195.02352356802385
102.81692117413547 195.02451556824136
102.41877318508656 195.02550756821367
102.02062186634804 195.0264995789694
101.62248617413547 195.02749056824138
101.2243382617458 195.02848256802386
100.82619818508657 195.0294745682137
100.42811727052545 195.0304664023124
100.02991809747932 195.03147356843246
99.63176309747945 195.03246556843365
99.23360395387344 195.03345757875195
98.83547617413547 195.0344485682413
98.43732818508657 195.03544056821374
98.0391812617458 195.03643256802386
97.6410412617458 195.03742456802385
97.2428967788259 195.03841657918733
96.84482349907766 195.0394073916152
96.44660087728842 195.0404155789457
96.04846608652866 195.04140656846027
95.65031034935966 195.0423985678078
95.25217817413547 195.04339056824128
94.85403018508657 195.04438256821373
94.45587886634792 195.04537457897393
94.05774309747932 195.04636556843246
93.6595882617458 195.04735756802384
93.26144826174593 195.04834956802503
92.86337410376927 195.04934140273323
92.46516034935966 195.0503485678078
92.06702809747932 195.05134056843247
91.6688687788259 195.05233257918738
91.27072517413546 195.05332356824127
90.87257727269747 195.0543155679976
90.47443817413547 195.05530756824137
90.0762902617458 195.05629956802386
89.67815017413547 195.05729156824128
89.28006819270435 195.05828340251236
88.88185778976597 195.05929057916447
88.48371526174593 195.06028156802503
88.08557517413547 195.06127356824138
87.6874272617458 195.06226556802386
87.28928718508656 195.0632575682137
86.8911402617458 195.06424956802385
86.4929957788259 195.0652415791874
86.09485218508657 195.06623256821368
85.69677110376941 195.06722440273447
85.2985572617458 195.06823156802386
84.9004172617458 195.06922356802386
84.5022772617458 195.07021556802385
84.10413709747932 195.07120756843247
83.7059777788259 195.07219957918738
83.30783418508656 195.07319056821368
82.9096872617458 195.07418256802384
82.51154726174593 195.07517456802503
82.11340717413547 195.07616656824138
81.71532511488597 195.0771584027092
81.3171122617458 195.07816556802385
80.9189677788259 195.07915757918738
80.5208242617458 195.08014856802384
80.12268418508657 195.08114056821367
79.72453726174594 195.0821325680251
79.32639717413547 195.0831245682413
78.92824918508657 195.08411656821374
78.53009786634792 195.08510857897394
78.13202810376927 195.08609940273323
77.73381417413547 195.08710656824135
77.33566627269747 195.0880985679976
76.93752717413547 195.0890905682413
76.53937934935966 195.0900825678078
76.14124708652867 195.09107456846027
75.74308686634792 195.09206657897394
75.34495118508657 195.09305756821374
74.9468042617458 195.09404956802385
74.54866409747932 195.09504156843246
74.15057519270445 195.09603340250789
73.7523692617458 195.09704056802386
73.35422909747932 195.09803256843247
72.95606994293256 195.0990245787806
72.5579412617458 195.10001556802385
72.15980118508656 195.10100756821367
71.7616542617458 195.10199956802384
71.36351409747945 195.10299156843365
70.96535486634792 195.10398357897395
70.56728949907753 195.10497439161406
70.16906686634792 195.10598257897394
69.7709312617458 195.10697356802385
69.37279109747932 195.10796556843246
68.9746361741356 195.10895756824246
68.57648826174581 195.10994956802392
68.17834378976596 195.11094157916443
67.7802012617458 195.11193256802386
67.3820612617458 195.11292456802386
66.98398719270435 195.11391640251236
66.58578109747933 195.11492356843246
66.1876261741356 195.11591556824254
65.78947834935965 195.1169075678078
65.39134170224702 195.11789957938035
64.99319117413548 195.11889056824137
64.59504334935966 195.1198825678078
64.19691113033163 195.12087456835343
63.798759097479326 195.12186656843528
63.400604261745805 195.12285856802387
63.00253035946733 195.12385040208937
62.60433462567084 195.12485757957072
62.20617733840773 195.12584856783295
61.80804418508657 195.12684056821652
61.40989717413548 195.12783256824417
61.011749261745805 195.12882456802387
60.6136092617458 195.12981656802384
60.21546470224715 195.13080857937874
59.817314174135475 195.1317995682442
59.419232192704335 195.13279140250955
59.0210262617458 195.13379856802385
58.62288609747933 195.1347905684353
58.22473134935966 195.13578256780775
57.82659900987573 195.13677456865392
57.42843228212552 195.13776657793713
57.030357451636704 195.13875751009297
56.36003268590728 195.1404365644772
55.96202317910303 195.1414285632478
55.56405420886793 195.1424205731387
55.16613360451747 195.14341155969214
54.76829944924079 195.1444035575874
54.37054169065039 195.1453955569858
53.972805526050166 195.14638755739568
53.575051387334476 195.1473795652206
53.177421457793706 195.14837055007987
52.7799388866606 195.14936254651437
52.382586140436594 195.1503545433849
51.98534715278063 195.1513465408566
51.58820100261962 195.1523385362338
51.19121919298561 195.15333054075356
50.79448061872616 195.15432152719336
50.39782920359739 195.15531352573154
50.00116492971255 195.1563056877802
49.604714079237205 195.1572825285417
49.20841968469542 195.15827351201278
48.812318544309775 195.15926550735458
48.41631899189071 195.16025766789713
48.02060750114849 195.16123450996793
47.62498523201424 195.16222549058523
47.229588748037465 195.16321765120733
46.83449962245926 195.16419448207628
46.43946911504532 195.1651864908794
46.04446543945061 195.16617763960005
45.649805649227574 195.16715446693138
45.25525094455461 195.16814663835163
44.861045082354806 195.16912245577603
44.46689157735957 195.1701146169598
44.07299165697023 195.17109162172122
43.679397111456986 195.17206743554698
43.28596024943381 195.17305959791395
42.892754135964324 195.174036605648
42.49967853628143 195.17501258974363
42.10684209106579 195.175989415406
41.71411165458442 195.17698158696356
41.32171549171151 195.1779575699442
40.92952440724612 195.17893457513532
40.5375560762058 195.17991055851633
40.145782732896926 195.18088754939347
39.754331983779565 195.18186455375982
39.36313324530095 195.18284053812587
38.97208514442468 195.1838175458703
38.58117034132819 195.1847935278866
38.190489863061856 195.18577053158506
37.80008616280366 195.18674651332094
37.409857017935366 195.1877236850994
37.02000805401887 195.18868450106535
36.63028139933988 195.1896615052117
36.24074931558048 195.19063765227526
35.85168542030579 195.19159949011265
35.46268070911059 195.192575653774
35.073975629955676 195.1935364694939
34.685367666171906 195.19451346185843
34.296955790769054 195.19549063378
33.90890442800686 195.19645162724763
33.52116124226794 195.19741244025977
33.13350329743733 195.19838961517462
32.74612381918421 195.1993506064331
32.35913052605709 195.20031141683373
31.972286213803123 195.2012885930317
31.585703453402605 195.20224957751014
31.199264257292988 195.20321158297534
30.813037608150132 195.20417257463453
30.427107624942266 195.2051335671196
30.041448925951507 195.20609454891297
29.6560248095537 195.20705655419368
29.270819406485376 195.2080175477128
28.88584893136616 195.2089785264113
28.501218259495598 195.209940530592
28.11683956346095 195.21090153733113
27.732240511107175 195.21186250242633
27.348450608012612 195.21282450468945
26.96490578191915 195.21378569307169
26.58086247137892 195.21473148998476
26.197909593398855 195.21569247963646
25.814839978459716 195.21665466299203
25.43187591471805 195.2176004712915
25.049488771487802 195.21856166597246
24.666419616702235 195.21950746952655
24.28410744738569 195.2204686296769
23.902320452987265 195.22141446993734
23.51959574357071 195.22237663142
23.137753783062898 195.2233224540122
22.755973219459218 195.22428362280698
22.374436416225844 195.22522944738185
21.992883995079914 195.226190615923
21.61152255508032 195.2271366120532
21.230371241431026 195.22808242512826
20.84918034765892 195.22904460512098
20.468200910789644 195.2299906012394
20.087358120991148 195.23093659823337
19.706690666944485 195.2318824215288
19.32602292073532 195.2328435912745
18.945531316238913 195.2337895878044
18.565161540901006 195.23473558475808
18.184898938086008 195.23568158128163
17.804831829296013 195.2366273933088
17.424723413991305 195.23758957511834
17.04479863004896 195.2385355720901
16.66497983530373 195.23948156908736
16.28526601824907 195.2404275661396
15.905655178848125 195.2413735632476
15.526145317064683 195.24231956040956
15.146734455875384 195.2432655575702
14.767422537720702 195.24421155487158
14.388204631620065 195.24515755214253
14.009081679974699 195.24610354952623
13.63004974036155 195.24704954687905
13.251109778194845 195.24799554428822
12.872259770363025 195.24894154181055
12.493495762981986 195.24988753933133
12.11481775605164 195.25083353684985
11.736225680242617 195.25177953454067
11.357713651063682 195.25272553211383
10.979285552926369 195.25367152985882
10.600935466730508 195.25461752757386
10.222594938379679 195.25556369761108
9.844469260746905 195.2564945230862
9.46635308301342 195.25744052102877
9.088307940352491 195.25838651888347
8.710336786434626 195.25933251676554
8.332369111409555 195.26027868733348
7.9546094099730595 195.2612095127006
7.576851198983147 195.26215551072468
7.199160965058798 195.26310150880585
6.821467172201912 195.26404767978872
6.443975521248559 195.2649785049065
6.066485206786957 195.26592450318856
5.689053939039185 195.26687050135314
5.311616065670985 195.26781667265175
4.934377334481916 195.26874749785438
4.5571290441723615 195.26969349607447
4.179872080808688 195.27063966767813
