227.04100004300034 116.21049704640124
227.0368925457629 116.37926977919179
227.03265412734999 116.55384351495132
227.02825432922654 116.73443791592949
227.02375782343927 116.91986099108479
227.01911681765318 117.11041142440901
227.0143713817019 117.30562736219235
227.00952035212697 117.50527144311401
227.00456370097496 117.70907097646634
226.999494928876 117.91700884921248
226.99435307333184 118.12850980013087
226.98911656581336 118.343666160907
226.9838252531861 118.56181441097208
226.978438083963 118.78312247046964
226.97299181574832 119.00711130686217
226.96746444219497 119.23405604519844
226.96189882966988 119.46331773526971
226.95625094648406 119.69520712494358
226.950561694355 119.92922029135536
226.9448052916699 120.16559624615516
226.93902519236565 120.40372790958433
226.93317919625156 120.64389899508319
226.92730745459667 120.8855940849134
226.92136820491746 121.12929982037618
226.91542101095806 121.37433629263798
226.90940770248875 121.6211860399551
226.90336355207768 121.86961535095718
226.8972917629221 122.11945855606912
226.891173403575 122.37092332781083
226.8850225839852 122.62381003803965
226.87884433262667 122.87802614763224
226.87261626730734 123.13385924986693
226.86637741021897 123.39089705464968
226.8600923711169 123.64930051047901
226.85375782794995 123.90924700082645
226.8474095528649 124.17039731856518
226.8410316452614 124.43283651678813
226.83462513767026 124.69642909134696
226.82816876483386 124.9614345973253
226.8216989935835 125.22759918766972
226.81519934792368 125.49493361593886
226.80866869120612 125.76345150370072
226.80210815823685 126.03310831172212
226.79551437791793 126.30400951792087
226.78890786448204 126.5759014980243
226.78227185778803 126.84887865725509
226.77560132083738 127.12301286714363
226.76892132382002 127.39794445141328
226.7621887296517 127.67423820578988
226.75546072961788 127.95130404612584
226.74870182309456 128.22937308305168
226.74191315145265 128.50837152564597
226.73508851119556 128.78848920298861
226.72827009252762 129.06933811823274
226.7214191083188 129.35109636262084
226.7145373904028 129.63384086938132
226.7076394698045 129.9174477364858
226.70072910596647 130.20181945926993
226.6937852422149 130.4871179625376
226.68682660742473 130.77326207358584
226.67985528695326 131.06010402382125
226.67285081003362 131.3478426198282
226.66583127186883 131.63633274316427
226.65879576803619 131.92562946558328
226.65174644912167 132.21563558762276
226.64468317396324 132.50630566561784
226.63758801918735 132.79780102486214
226.63047676586586 133.09000143508067
226.62335052436578 133.3828893618728
226.61620927350285 133.6764626759745
226.60905328020615 133.97071340033855
226.60188135995622 134.26561712120443
226.59469438000738 134.56111729678906
226.58749229541573 134.85723277493747
226.58027546200194 135.1539789256958
226.57304039485308 135.45142699537504
226.56580955680028 135.74929702852623
226.55854693126417 136.04785063776768
226.55128421318597 136.3463000542333
226.54400393110595 136.64538991051177
226.53672728753415 136.94499099995855
226.52941635014616 137.2453186608875
226.52210950155387 137.54604120910327
226.51479949818923 137.84626843799103
226.50748989625237 138.1467701911487
226.50016575942172 138.44804481998037
226.49293000184244 138.7459167981363
226.48632462406437 138.99495167733298
226.4784530419114 139.24153080276056
226.46930370238366 139.48719112099462
226.45904312639698 139.728840737246
226.43511397400454 140.20393330436582
226.42080545346056 140.45029320876114
226.40507430123935 140.6976768929202
226.38811114133907 140.94394279131353
226.36979581985292 141.19040360485826
226.35054408934636 141.4325581247877
226.3059595629713 141.9399987061108
226.28221940499904 142.18720606892114
226.25710779115266 142.43458517666082
226.23074206471003 142.6810730324114
226.20298077321195 142.92788538890184
226.17451984369765 143.1698420089557
226.11051046580363 143.6772809358371
226.07726505029663 143.92453265088812
226.04280421446506 144.17087665612388
226.00693514168984 144.41745285876527
225.97043700953265 144.65936103505416
225.88984075752828 145.16522132711117
225.8485204153225 145.41152195630758
225.8057031488945 145.6584966332268
225.761684904448 145.90446684368283
225.7163899390366 146.1499618287322
225.6705749638285 146.391127184999
225.57049716347652 146.89488893311443
225.51959630391525 147.1405840645194
225.46753578419955 147.38517733270342
225.4140394116525 147.62994018181658
225.3602202627269 147.8701105966951
225.2435625229206 148.3710047585959
225.18449688531587 148.6154465778858
225.12405099183806 148.85977684795733
225.06239860256113 149.10332747039067
225.00080742952048 149.34137405328326
224.86756320823176 149.83894069643307
224.80043594115025 150.08166253015253
224.73191853284487 150.3242155201407
224.6621350586569 150.56613900640104
224.59116878318278 150.80728620667088
224.5201737184357 151.04388322291925
224.36784235954792 151.5364935903573
224.29117350252298 151.77731945789984
224.21311443288272 152.01801647788898
224.13400182858814 152.25739271362238
224.05521217243896 152.49164192098772
223.8867249401176 152.9790783839452
223.80199951644772 153.21767767312016
223.7160608479514 153.45564133043223
223.6290433489171 153.6925263844543
223.5405299387003 153.92944864606056
223.45244272618598 154.16144948512795
223.26500341526327 154.64288272274496
223.17107966051796 154.8782984691985
223.07617437020266 155.11252160295075
222.97987794640883 155.34641300628584
222.8840571466369 155.57567418301426
222.68039461121407 156.05166520797715
222.57862424205425 156.28416291709345
222.4755043906099 156.5162463043923
222.37159592479236 156.74673500445402
222.26611572987073 156.9772703023055
222.16120511821165 157.20338570880065
221.93932073762804 157.6712178923062
221.82845059064857 157.90007408033787
221.71673872318297 158.12746743175217
221.60376364104536 158.35427132798952
221.49147784726637 158.57666796126546
221.25413516577308 159.0371563460824
221.13543473612967 159.26277937497312
221.01556552525724 159.48761790732425
220.89501396264174 159.7108034430015
220.77559483851024 159.92907369269696
220.52298636094264 160.3816801321462
220.3970354754305 160.602993106365
220.26972202604628 160.823845609938
220.1414203423406 161.043610352466
220.01228671457446 161.2620786926283
219.8839896969095 161.47642276556974
219.61408104485824 161.91891813779216
219.4792794391357 162.13581323381592
219.34358853314018 162.3514739475842
219.20712123782818 162.56578002307216
219.07163908131636 162.77598477248065
218.7869921137939 163.2096105083884
218.6450177322889 163.4219800730096
218.5018493402573 163.63360308799963
218.35803168027493 163.84370012090983
218.21575046208292 164.0491375305808
217.9168277408223 164.47310061250403
217.76771076874465 164.6808762451795
217.61766161571006 164.887569559549
217.4667350948591 165.09302139678462
217.31488254315104 165.29740265469442
217.16442692575123 165.49761608532867
216.8490549505996 165.9100146645828
216.69189752441534 166.11197507403378
216.53412725181283 166.3124653229643
216.37544116261805 166.51182447146425
216.21836041492546 166.70700314430943
215.88933890606017 167.1088311370197
215.72541870428063 167.30561242877164
215.5602375087545 167.5017027798368
215.39490732488454 167.69580073578635
215.2282542024478 167.88924942467582
215.06370794881525 168.07822215496913
214.71881460641188 168.467529915881
214.5475252571842 168.6576867961742
214.3758458063603 168.84615372025044
214.20266174860967 169.03413398160384
214.0318957773306 169.21755528286457
213.67417818027656 169.59524921941045
213.4965882262937 169.77966723227223
213.31847082978882 169.96257208834115
213.13953244124093 170.14431233572716
212.96239667119318 170.3222837139742
212.59249562494387 170.68768544987697
212.40877493660358 170.86616535492007
212.2235751034375 171.04409526363162
212.0383361645697 171.2200990891184
211.852023356341 171.3951542014995
211.66819320736258 171.56604077826879
211.28405254774523 171.91707341244864
211.09336974952447 172.08843801815172
210.90223146476737 172.25828737624053
210.7101436160672 172.42710946754352
210.52060896500583 172.59185337320534
210.12490613669704 172.9299693248378
209.9285871515603 173.09491678614197
209.7311327725969 173.25891906079613
209.53340361057874 173.42132360588664
209.33874776208268 173.57945645277078
208.93233488850362 173.90393578153328
208.73058525007906 174.0622551460196
208.5274488368547 174.21985826970462
208.3244884039754 174.37555070367753
208.1207161649269 174.53004560634614
207.91946185147066 174.68091718563767
207.50065057435268 174.98941889427357
207.2924018328189 175.14013574957406
207.08365879245716 175.28945872488063
206.8744898541558 175.43730201048288
206.66874745138927 175.58109348462867
206.24006755516072 175.8753240240077
206.02704084715725 176.01892813026734
205.81346153751244 176.16119075626332
205.59919706624842 176.3021712802496
205.38865817761007 176.43910300957037
204.9486463482158 176.71993729581752
204.7102458540599 176.86965085518352
204.4689611694579 177.02015152919375
204.22731800457282 177.16990964334636
203.9858802949629 177.31851873730653
203.74371374212765 177.46659409097987
203.50071889146648 177.61419510673397
203.25703535686876 177.7612055140046
203.01289441190687 177.90752175793818
202.76819142825906 178.05318753348217
202.52347758143628 178.19784882470728
202.28086979357067 178.3403212247564
201.76487850446767 178.6400962551289
201.51796154925012 178.78203751640646
201.2703513221198 178.92336845633767
201.0222541827819 179.0640235030015
200.7744621172559 179.20353845992517
200.52583788828238 179.34250889876094
200.27628413607064 179.4810353111627
200.02652987010367 179.61873110600138
199.77608714053693 179.7557902872883
199.5249667331916 179.89224268728157
199.27426672535 180.02752019680054
199.02564150343343 180.1607319282237
198.50244826996095 180.43793160831945
198.24936252582972 180.57054925656473
197.99564112267913 180.70250890042084
197.74259289922753 180.8331893982813
197.4888225055023 180.96324643307423
197.2343220582659 181.09274568530782
196.97898426350034 181.22170438013373
196.72332668787413 181.349864231049
196.4670091098002 181.47737995861362
196.21127390329823 181.60366079524007
195.9574956484988 181.72804003176032
195.42442749828888 181.98627688108309
195.16655792669832 182.1097405535395
194.90758929273966 182.23273962059997
194.64860065126854 182.3548436057659
194.38995505357556 182.475815751515
194.1309143233851 182.59602190345686
193.8711192847552 182.71564743066236
193.61030475989187 182.83476888378854
193.34955085498143 182.95296811793048
193.08818801386101 183.07045779031745
192.827184495491 183.1868415552069
192.56837433148064 183.30134930897444
192.02534163019072 183.53860097263302
191.76211728824592 183.65216091819622
191.498499880036 183.76496829004753
191.23540038492854 183.87660671206166
190.97173803557686 183.9875314855051
190.70759171206115 184.09776071907635
190.44244823881994 184.20745148745
190.17713575007963 184.3163015228974
189.91108632960487 184.4244833770993
189.64576712098636 184.53147072559116
189.38279087274697 184.63660651077907
188.8313691948425 184.85410051501825
188.56423329915847 184.9580474139241
188.29670365302246 185.06122154693
188.02830274584613 185.16378417485816
187.76034307580088 185.26527972274374
187.49244188770723 185.36583549624316
187.223475769162 185.4658433890262
186.95432169233217 185.56503136478744
186.68444940365026 185.66354024051057
186.4141016210945 185.76131539800915
186.14404406337886 185.85806540643256
185.87604464208704 185.95317635104345
185.31565962522342 186.1491417326719
185.0432774758803 186.24295251045945
184.77094513065992 186.33588059987517
184.49832144168207 186.42794241757713
184.2252627114618 186.51926485413927
183.95105028314043 186.61003843952582
183.67650256071977 186.70001489493316
183.4013346402562 186.789258385686
183.12559743272007 186.87776721587514
182.8503117824012 186.9652144674874
182.57668657612422 187.05121207230997
182.00664784455654 187.22748887553115
181.7287024997596 187.3120415003905
181.4501614308609 187.3958348119793
181.17081520125203 187.47892964632592
180.89140190279323 187.561116420786
180.61155584865088 187.64252793972386
180.330557663862 187.7233119613097
180.04900385604907 187.80334065552327
179.7664122834782 187.8827121028451
179.48445101476565 187.96100797787253
179.20409261902267 188.03790163885927
178.62423906161624 188.19404623863804
178.33907786630152 188.26938729293798
178.05339643002515 188.34393957939963
177.76653193057072 188.41783036441777
177.47978233163886 188.49076226046563
177.19245167976445 188.5628921851504
176.9040086459554 188.63434144880168
176.61473355016975 188.70505074596153
176.32455208154374 188.77501630667004
176.03441645651807 188.84400926948993
175.746210754057 188.91159021272335
175.15545882166248 189.04716261941942
174.86226595598876 189.1129755450677
174.56830398454696 189.1780097200918
174.27341119598915 189.2422707313569
173.9782654636336 189.3055973543225
173.68262414072797 189.3680629217277
173.385652066392 189.4298041819207
173.08776833788843 189.49076010301224
172.78890843574763 189.55093063734031
172.49007797905693 189.6101038885229
172.19311420895176 189.66791315009033
171.59111446511807 189.78209963722753
171.28915384205953 189.83786759905945
170.98615954503953 189.89282225428883
170.68228556680137 189.94693970000858
170.37811407579733 190.00006436093128
170.07327212029642 190.05230404232645
169.767222588073 190.10372622420195
169.46020226742408 190.15428877506943
169.15209489248636 190.20399617046635
168.84392388114702 190.2526764777938
168.53764115077308 190.30002934749933
167.92421763132026 190.39179976505804
167.6127799505328 190.4368527899459
167.3002046238848 190.48100099113967
166.98733579687277 190.52412907223206
166.67368115267138 190.56629995092095
166.3589385241081 190.60757152627642
166.04311178783192 190.64791233688177
165.72604829617384 190.68732708245867
165.4088974095638 190.72566951185368
165.09376873172747 190.76271534568843
164.46997595211 190.83288147769167
164.14980033272354 190.86730290725637
163.82831347814317 190.90075662858288
163.50640188957956 190.93315083662773
163.18388433306876 190.9645103344358
162.85982419747668 190.9948834208691
162.534831106986 191.02423869636584
162.20848146754628 191.05257225209135
161.88196524207729 191.07979955475545
161.55499581471122 191.10594965714733
161.22936868953835 191.13085856244038
160.594081425109 191.17621962596743
160.26325577249742 191.19814082145794
159.93221733200537 191.21893493531445
159.60076232016067 191.23860137524673
159.26819813715363 191.25715997282114
158.93436593379954 191.27461351264694
158.59943163433732 191.29095532893797
158.26435034015887 191.30611759232218
157.93149616580178 191.32003041645413
157.28660253112685 191.34362094248507
156.9489542019067 191.35423950320586
156.6105917268448 191.36367551864112
156.27139915076478 191.3719293505817
155.9317799778207 191.3789948364723
155.59150305882147 191.38483615966283
155.2502502020125 191.38949299656826
154.9086920348573 191.39294973781614
154.56580207314386 191.39515050803718
154.2047888787538 191.39627655439338
153.82344270408854 191.3972373600464
153.44116457663733 191.398183512405
153.05836566524962 191.3991443255447
152.67484645852866 191.40009049013037
152.29080791351808 191.40105246397906
151.9062487117282 191.4020134445033
151.52099742787837 191.40297443773247
151.1351138407611 191.4039364093164
150.74854197551008 191.40489757684955
150.3616264644819 191.40587438293852
149.974181449678 191.4068353681065
149.58612897707707 191.4077965340078
149.19765067001794 191.40877350966082
148.808771406586 191.40974934100225
148.41933842503923 191.410711487708
148.0296149270476 191.41168748645336
147.63945550360873 191.41266446499864
147.24892230070424 191.4136404655117
146.8580153510031 191.41461744540433
146.46677946066046 191.415593447622
146.0752272044165 191.41657043828636
145.68334271496636 191.41754741957683
145.29117547416766 191.41852342267129
144.89872698063138 191.4195004040045
144.50599439383586 191.4204764079487
144.11293999178463 191.42145356923783
143.7198112480266 191.4224453834704
143.3263299859685 191.42342138908415
142.93258885996627 191.4243985494067
142.5387569669212 191.4253903668253
142.14459896223616 191.42636653908332
141.75040031757237 191.4273583560491
141.35584622407004 191.42833452835964
140.96126039434677 191.42932635833142
140.56639078784744 191.4303035194043
140.1714229186527 191.43129550401488
139.77635941228488 191.43228634592143
139.38103153427897 191.43326350749274
138.98563223249724 191.4342555032272
138.59015017544482 191.43524732429148
138.1944205944971 191.43622349731234
137.79865495731124 191.43721549388897
137.40283683821977 191.43820731525645
137.00677131530458 191.4391834879843
136.61066948782127 191.44017548505406
136.21446133916177 191.44116748292143
135.81817652164412 191.44215947996412
135.4218549839265 191.44315130257917
135.02531621137507 191.44412747573602
134.62877105023387 191.445119473637
134.23214988877112 191.4461114715422
133.83545256157544 191.4471034698571
133.43869897456779 191.44809545632756
133.04184474124057 191.44908646690487
132.64497992026978 191.45007846396317
132.24800741593333 191.45107046271934
131.85098992249556 191.4520624614562
131.45399693772157 191.45305428547343
131.05681710034932 191.45403045850716
130.65964627642248 191.4550224580729
130.26246044254876 191.45601445515928
129.86516710157622 191.45700645601065
129.46791069316527 191.45799844205996
129.07053627825624 191.45898945307238
128.67316778392413 191.45998145181468
128.27575328947484 191.46097345055253
127.87829228947483 191.46196545055253
127.48083636192955 191.4629574378994
127.08331037711102 191.46394844783356
126.68575021235249 191.46494044824956
126.28820579444371 191.46593244679664
125.89060847518368 191.46692444509614
125.49294829952905 191.4679164455352
125.09530895265392 191.4689084339301
124.69763754105048 191.46989944493285
124.29997247394996 191.47089144260545
123.9022216385379 191.47188344219427
123.504455397138 191.472875442794
123.10664555648277 191.4738676082462
122.70895372631304 191.47487444197293
122.31118495860268 191.4758664289342
121.91333064773906 191.476857439679
121.51547247225933 191.4778494401132
121.11763064773906 191.478841439679
120.71977263677199 191.47983343970557
120.32191548322723 191.4808254400855
119.92407737490714 191.4818174279005
119.5261856455116 191.48280843719004
119.12823664551148 191.48380043718888
118.7302876564736 191.4847924371622
118.3323376455116 191.48578443719006
117.93439304301907 191.48677642623224
117.5364396455116 191.48776743719006
117.13842468290939 191.4887596028646
116.74054173320593 191.48976643696963
116.3425846564736 191.4907584371623
115.94463472224444 191.49175043699782
115.54667965378492 191.49274243467582
115.14864313784157 191.49373442350853
114.7505897304823 191.4947254344877
114.35254181813313 191.49571743426958
113.95448547846654 191.49670943511617
113.55646081813313 191.49770143426957
113.15840474143872 191.49869343445678
112.76036012689607 191.49968542353707
112.36224179540778 191.50067660004913
111.9642587304823 191.5016834344877
111.56621065378492 191.5026754346758
111.16816965378493 191.50366743467575
110.7701288948246 191.5046594340789
110.37206574143885 191.50565143445797
109.97402096270694 191.5066434239446
109.57598373048229 191.50763443448778
109.17793581813314 191.5086264342695
108.77987965378492 191.50961843467582
108.38183881813313 191.51061043426958
107.98371653958253 191.51160260069656
107.58575681813313 191.5126094342696
107.18770521445855 191.51360142331646
106.78964581491343 191.51459243178633
106.3914987382542 191.51558443197615
105.9933587382542 191.51657643197615
105.59521890252068 191.51756843156753
105.1970637382542 191.51856043197614
104.79892822117411 191.5195524208126
104.4007758149133 191.52054343178511
104.00256272947456 191.5215355976876
103.60449590252068 191.52254243156753
103.2063407382542 191.52353443197615
102.80820082586453 191.52452643175863
102.41005281491343 191.5255184317863
102.01191013365197 191.52651042103057
101.61376582586453 191.52750143175865
101.2156177382542 191.52849343197616
100.81747781491343 191.52948543178633
100.41926472947456 191.5304775976876
100.02119790252068 191.53148443156752
99.62304290252055 191.53247643156632
99.22489204612656 191.53346842124807
98.82675582586452 191.53445943175873
98.42860781491343 191.53545143178627
98.03046073825419 191.53644343197615
97.6323207382542 191.53743543197615
97.2341852211741 191.53842742081267
96.83596250092235 191.53941860838478
96.43788912271158 191.54042642105432
96.03974591347134 191.54141743153974
95.64158965064034 191.54240943219222
95.24345782586452 191.54340143175872
94.84530981491343 191.54439343178626
94.44716713365207 191.54538542102605
94.04902290252068 191.54637643156752
93.65086773825419 191.54736843197614
93.25272773825407 191.54836043197494
92.85452189623072 191.5493525972668
92.45643965064035 191.5503594321922
92.05830790252068 191.55135143156753
91.6601572211741 191.5523434208126
91.26200482586452 191.5533344317587
90.86385672730253 191.55432643200237
90.46571782586453 191.55531843175865
90.06756973825419 191.55631043197616
89.66942982586453 191.55730243175873
89.27121580729566 191.55829459748765
88.87314621023404 191.5593014208355
88.47499473825407 191.56029243197494
88.07685482586453 191.56128443175865
87.67870673825419 191.56227643197616
87.28056681491343 191.56326843178633
86.8824197382542 191.56426043197615
86.48428422117411 191.5652524208126
86.08613181491343 191.56624343178632
85.6879188962306 191.56723559726552
85.2898367382542 191.56824243197616
84.8916967382542 191.56923443197616
84.4935567382542 191.57022643197615
84.09541690252068 191.57121843156753
83.6972662211741 191.5722104208126
83.29911381491343 191.57320143178632
82.9009667382542 191.57419343197614
82.50282673825407 191.57518543197494
82.10468682586453 191.57617743175865
81.70647288511402 191.57716959729083
81.3083917382542 191.57817643197615
80.91025622117411 191.5791684208126
80.5121037382542 191.58015943197614
80.11396381491343 191.5811514317863
79.71581673825408 191.58214343197488
79.31767682586452 191.58313543175873
78.91952881491343 191.58412743178627
78.52138613365207 191.58511942102606
78.12317589623072 191.58611059726678
77.72509382586453 191.58711743175863
77.32694572730253 191.58810943200237
76.92880682586453 191.58910143175873
76.53065865064035 191.59009343219222
76.13252691347134 191.59108543153974
75.73437513365208 191.59207742102606
75.33623081491343 191.59306843178626
74.93808373825419 191.59406043197615
74.53994390252068 191.59505243156752
74.14172280729554 191.5960445974921
73.7436487382542 191.59705143197615
73.34550890252068 191.59804343156753
72.94735805706743 191.5990354212194
72.54922073825419 191.60002643197615
72.15108081491343 191.60101843178631
71.7529337382542 191.60201043197614
71.35479390252056 191.60300243156632
70.95664313365208 191.60399442102607
70.55842850092247 191.60498560838596
70.16035513365208 191.60599342102606
69.7622107382542 191.60698443197614
69.36407090252068 191.60797643156752
68.9659158258644 191.60896843175752
68.5677677382542 191.6099604319761
68.16963221023403 191.6109524208356
67.7714807382542 191.61194343197616
67.3733407382542 191.61293543197615
66.97513480729566 191.61392759748765
66.57706090252069 191.61493443156752
66.1789058258644 191.61592643175743
65.78075765064034 191.61691843219222
65.38263029775297 191.61791042061967
64.98447082586453 191.61890143175864
64.58632265064034 191.6198934321922
64.18819086966836 191.62088543164657
63.79003890252067 191.6218774315647
63.3918837382542 191.6228694319761
62.99367764053267 191.6238615979106
62.59562337432916 191.6248684204293
62.19745666159227 191.62585943216706
61.79932381491342 191.62685143178348
61.401176825864525 191.62784343175582
61.0030287382542 191.6288354319761
60.604888738254196 191.62982743197614
60.206753297752854 191.63081942062124
59.80859382586452 191.63181043175584
59.41037980729566 191.63280259749047
59.0123057382542 191.63380943197615
58.614165902520675 191.63480143156468
58.21601065064034 191.63579343219223
57.81787899012428 191.63678543134606
57.41971971787448 191.6377774220629
57.02159054836329 191.63876848990705
56.351309314092724 191.64044743552282
55.953298820896975 191.6414394367522
55.555337791132075 191.6424314268613
55.157406395482525 191.64342244030786
54.7595705507592 191.6444144424126
54.36181230934961 191.6454064430142
53.96407647394983 191.6463984426043
53.56632861266552 191.64739043477942
53.168686542206295 191.64838144992015
52.7712011133394 191.64937345348565
52.37384585956341 191.6503654566151
51.97660484721936 191.6513574591434
51.579454997380374 191.6523494637662
51.18247680701438 191.65334145924643
50.78572738127384 191.65433247280663
50.38907479640262 191.65532447426844
49.99254107028745 191.6563163122198
49.5959619207628 191.65729347145827
49.19965431530458 191.6582844879872
48.80354945569023 191.6592764926454
48.40767900810929 191.66026833210285
48.01184049885151 191.66124549003206
47.616202767985754 191.66223650941475
47.22093525196254 191.66322834879264
46.825710377540744 191.6642055179237
46.430686884954675 191.6651975091206
46.03580256054939 191.66618836039993
45.64100435077242 191.6671655330686
45.246587055445396 191.66815736164835
44.85223491764519 191.66913354422397
44.45821042264043 191.6701253830402
44.064314343029764 191.6711023782788
43.67057088854302 191.67207856445305
43.27726375056619 191.67307040208607
42.88406386403568 191.67404739435196
42.49097546371858 191.67502341025636
42.097999908934206 191.676000584594
41.705406345415575 191.67699241303643
41.312996508288485 191.6779684300558
40.92080959275388 191.6789454248647
40.528827923794196 191.67992144148366
40.13704726710308 191.68089845060652
39.745600016220436 191.68187544624018
39.35438875469905 191.68285146187415
38.963346855575324 191.68382845412967
38.57241765867181 191.6848044721134
38.181740136938146 191.68578146841494
37.79132183719634 191.68675748667908
37.40123098206463 191.68773431490058
37.01123394598114 191.68869549893466
36.621510600660116 191.68967249478828
36.232096684419524 191.69064834772473
35.842902579694204 191.69161050988737
35.4540292908894 191.69258634622597
35.06517637004432 191.69354753050612
34.676562333828095 191.6945245381416
34.28828820923095 191.69550136622
33.90023157199313 191.6964623727524
33.51233875773207 191.69742355974023
33.12482070256267 191.6984003848254
32.73743418081579 191.6993613935669
32.3502894739429 191.7003225831663
31.96358578619688 191.70129940696827
31.576990546597397 191.70226042248987
31.190555742707012 191.70322241702465
30.804322391849865 191.7041834253655
30.418386375057736 191.70514443288042
30.032713074048495 191.706105451087
29.647293190446298 191.70706744580633
29.262082593514624 191.70802845228718
28.87709506863384 191.70898947358867
28.4924677405044 191.709951469408
28.108094436539048 191.71091246266886
27.723467488892826 191.7118734975737
27.33967939198739 191.71283549531054
26.956286218080848 191.7137963069283
26.57207952862108 191.71474251001527
26.189118406601146 191.71570352036355
25.80619602154028 191.71666533700795
25.42307808528195 191.7176115287085
25.0408472285122 191.71857233402756
24.65762038329776 191.71951853047347
24.275436552614313 191.7204793703231
23.893521547012735 191.72142553006265
23.510926256429286 191.72238736858003
23.128942216937105 191.72333354598783
22.747296780540783 191.72429437719302
22.36561958377416 191.72524055261815
21.984202004920085 191.72620138407697
21.60283744491968 191.7271473879468
21.221536758568977 191.72809357487176
20.84048965234108 191.72905539487903
20.45950708921036 191.7300013987606
20.078661879008855 191.73094740176663
19.697853333055516 191.7318935784712
19.31732107926468 191.73285440872547
18.93682668376109 191.73380041219556
18.556454459098997 191.73474641524194
18.176189061913995 191.7356924187184
17.795972170703983 191.73663860669123
17.416008586008697 191.73760042488166
17.03608136995104 191.7385464279099
16.656260164696274 191.73949243091263
16.27654398175093 191.7404384338604
15.896930821151877 191.74138443675238
15.517418682935316 191.74233043959043
15.138005544124615 191.7432764424298
14.758691462279298 191.7442224451284
14.379471368379937 191.74516844785745
14.0003463200253 191.74611445047375
13.62131225963845 191.74706045312092
13.242370221805157 191.74800645571176
12.863518229636975 191.74895245818942
12.484752237018014 191.74989846066865
12.106072243948361 191.75084446315017
11.727478319757383 191.75179046545935
11.348964348936319 191.7527364678862
10.97053444707363 191.7536824701412
10.59218253326949 191.75462847242616
10.213979061620321 191.75557430238894
9.835712739253093 191.7565054769138
9.45759491698658 191.7574514789712
9.079548059647509 191.7583974811165
8.701575213565375 191.7593434832345
8.323744888590443 191.76028931266654
7.94584459002694 191.7612204872994
7.568084801016853 191.7621664892753
7.190393034941202 191.76311249119414
6.812836827798089 191.76405832021126
6.435204478751441 191.7649894950935
6.057712793213043 191.76593549681144
5.680280060960815 191.76688149864685
5.302979934329016 191.76782732734824
4.9256006655180835 191.76875850214563
4.5483509558276385 191.76970450392554
4.171231919191311 191.77065033232188
